1.030315566824898221e+00
1.068426380062693859e+00
1.076854675629424163e+00
1.072030692159835930e+00
1.022084429746692891e+00
1.062305960231839874e+00
1.078389623880982251e+00
1.017166676102247314e+00
1.073284937282570795e+00
1.045163765751129015e+00
1.091268657007768761e+00
1.040397889525527031e+00
1.099248887651044448e+00
1.034443971685988339e+00
1.047833866661648683e+00
1.039229876910704675e+00
1.020684606767225944e+00
1.022701927796677568e+00
1.021219436803372016e+00
1.013292770697270306e+00
1.098058159367033992e+00
1.056214203903207194e+00
1.018979082863800789e+00
1.010087554490409545e+00
1.016911160164958083e+00
1.051816150678834827e+00
1.071268641213759309e+00
1.053346202925187436e+00
1.056809004534175589e+00
1.077906295653791480e+00
1.053611372664231549e+00
1.023472762182001006e+00
1.080457223090518948e+00
1.058298899341577393e+00
1.014046123217041240e+00
1.062759445365219380e+00
1.024692164893303614e+00
1.057678718793220618e+00
1.017455634162271139e+00
1.015878843261683873e+00
1.042930207346125293e+00
1.078167829451190940e+00
1.069387693361370628e+00
1.046257484565427331e+00
1.068206265732496218e+00
1.063968728290975108e+00
1.048667428763925935e+00
1.001550620320507567e+00
1.000022476786366354e+00
1.059439490762763780e+00
