1.055425609867004511e+00
1.089880052709270464e+00
1.015323607485595137e+00
1.080748385539666012e+00
1.000761969334211354e+00
1.008350914622092587e+00
1.040198705049205641e+00
1.050414413957663218e+00
1.048515226246603538e+00
1.092593140356153292e+00
1.091172870399580441e+00
1.007781860059408396e+00
1.054166463782379104e+00
1.049077950514016866e+00
1.043444332931383611e+00
1.055706456966084339e+00
1.017831739175424799e+00
1.064710230948667791e+00
1.070386356797527361e+00
1.074395661076830377e+00
1.076680840297845831e+00
1.020149717116250132e+00
1.096785317437228846e+00
1.029059474609598901e+00
1.052155430646357859e+00
1.031930876885420956e+00
1.093374450360680594e+00
1.093331854877193088e+00
1.034834704380775072e+00
1.098367375461213324e+00
1.008876381628881269e+00
1.069278902260227593e+00
1.036581875980385092e+00
1.004807614470202726e+00
1.052574258757872361e+00
1.081743754971678850e+00
1.012683016613752818e+00
1.024160151951812647e+00
1.079725432132578433e+00
1.029892711295173013e+00
1.007628191070301993e+00
1.036022907501445545e+00
1.071058850873042756e+00
1.039313917295757062e+00
1.052884792684953164e+00
1.050370170091013300e+00
1.019005465548213918e+00
1.014891720559594646e+00
1.035820543572117947e+00
1.076109045146903753e+00
