1.027286737570661801e+00
1.046569257080440352e+00
1.048047031495967563e+00
1.008010792172363335e+00
1.077945853104637974e+00
1.099539007361282961e+00
1.020815860833953703e+00
1.037738611040540437e+00
1.053908389916885291e+00
1.096536598771384874e+00
1.087960433861835607e+00
1.078669351182772296e+00
1.090998290581388863e+00
1.043988610581800147e+00
1.026854179805708922e+00
1.000248419477194783e+00
1.009767862727245058e+00
1.083485533524397804e+00
1.097727864466710557e+00
1.059823669011131342e+00
1.045452360791868651e+00
1.037882545409147594e+00
1.035625560028384129e+00
1.030836034612663044e+00
1.072810282544815141e+00
1.024750012723679937e+00
1.031538784924776797e+00
1.034655957602022447e+00
1.009646943600343016e+00
1.083902759261280435e+00
1.008004220142960206e+00
1.022857400566865138e+00
1.005855593813492987e+00
1.045047939929446335e+00
1.031342831138476468e+00
1.035506977141887219e+00
1.092128673642091208e+00
1.000573072220513726e+00
1.039046130158765902e+00
1.048140803224039130e+00
1.093557102355789956e+00
1.097287370159703679e+00
1.004528354773891907e+00
1.049985389885056186e+00
1.086270150858908767e+00
1.027692966562379961e+00
1.051275832237508201e+00
1.098965345411404115e+00
1.001688848145916522e+00
1.082257618443755121e+00
