1.073483485588925035e+00
1.016872222912045931e+00
1.017913587841258849e+00
1.042177365932393851e+00
1.006639702754551502e+00
1.094648114104540326e+00
1.030240467776297297e+00
1.048728153654434614e+00
1.025181350472328612e+00
1.026345409779723550e+00
1.086664919519270800e+00
1.010519381425861507e+00
1.080266552400645841e+00
1.065378905379295027e+00
1.002724562247916840e+00
1.041048825474585326e+00
1.059710009487896176e+00
1.000969246740383234e+00
1.005893015456564621e+00
1.047567578006788569e+00
1.095286795120319123e+00
1.071784062915096980e+00
1.000995553641110591e+00
1.022298705840493982e+00
1.021055506408173441e+00
1.059518583537472969e+00
1.039515397301395083e+00
1.040546740955107907e+00
1.049049015092208492e+00
1.097752997743333570e+00
1.090790033345568677e+00
1.005010854349353444e+00
1.030743259593278838e+00
1.005329896534300715e+00
1.050009572793146440e+00
1.053537113496271660e+00
1.082992659295155757e+00
1.051246626162806175e+00
1.068225166781759716e+00
1.010743302096303697e+00
1.097198688085543550e+00
1.072123365346960844e+00
1.099870120396550410e+00
1.055735984716266174e+00
1.006366542168943612e+00
1.062720317838581341e+00
1.012826667620632559e+00
1.011029150239769248e+00
1.035277843710597834e+00
1.066355545443447017e+00
