1.003382038960035860e+00
1.028674792855175157e+00
1.054074545662534668e+00
1.038383533184765506e+00
1.053488515098805811e+00
1.034372023171441723e+00
1.090625841326885892e+00
1.019583812585392435e+00
1.005119114856855456e+00
1.058323775645673592e+00
1.022180681988336781e+00
1.008697801706257113e+00
1.052398009956494018e+00
1.073837049796131815e+00
1.056925137108525092e+00
1.033282215420935346e+00
1.099274861326875019e+00
1.009013460393492601e+00
1.095497943042685662e+00
1.040106750436155636e+00
1.048732286665210456e+00
1.063297196628898655e+00
1.067885957925706286e+00
1.057185515125062869e+00
1.028324770497756946e+00
1.085488532935502182e+00
1.038447287182450607e+00
1.026900480800225779e+00
1.070104379710358877e+00
1.029965375073345735e+00
1.091741408850945394e+00
1.023693984490734454e+00
1.091543332089563112e+00
1.014914260694895987e+00
1.021357132076340379e+00
1.040184488674585239e+00
1.096443058426253003e+00
1.042840694741223873e+00
1.092170182035429482e+00
1.009247137245581794e+00
1.071063444924892361e+00
1.043183237818047449e+00
1.063553217388203187e+00
1.003072819485641309e+00
1.061741978848178114e+00
1.021669622817378942e+00
1.011822911309405493e+00
1.077563267565689431e+00
1.044002807195639093e+00
1.048333813080248422e+00
