1.029959641017678340e+00
1.041431319679056777e+00
1.066648574549787343e+00
1.008697736528785471e+00
1.067204666248253497e+00
1.065513733749678726e+00
1.035979353271143655e+00
1.011237767024590672e+00
1.095872317395354623e+00
1.068831952575534761e+00
1.030587768340918142e+00
1.083933899914670596e+00
1.009351708675008341e+00
1.089109858689435217e+00
1.006736993466843755e+00
1.043014063614641884e+00
1.094659496943785282e+00
1.009054030917369449e+00
1.096253922835605854e+00
1.037992750669498809e+00
1.028265543496233114e+00
1.032708770600415216e+00
1.092830358652410183e+00
1.035223746163909109e+00
1.083837356857950907e+00
1.001652938890190692e+00
1.052946872997710281e+00
1.090817344141399969e+00
1.018074722545418309e+00
1.004070358556991671e+00
1.018278081667244761e+00
1.065708334416085812e+00
1.047053664610642087e+00
1.038166675112223380e+00
1.089344507625848113e+00
1.028063009893704249e+00
1.072431536527319595e+00
1.022318845304518442e+00
1.058721121101564133e+00
1.070999607239550011e+00
1.069728954004307564e+00
1.049478696675624656e+00
1.048984046672678305e+00
1.009768888282346566e+00
1.081379278538083577e+00
1.025941429419389594e+00
1.021996302211580998e+00
1.097911541165342841e+00
1.093596998933465514e+00
1.068896841775948792e+00
