1.015264357654871441e+00
1.045903134835769466e+00
1.065400729452060213e+00
1.087120499740758639e+00
1.029116002645737771e+00
1.005524858752697259e+00
1.056795683405130193e+00
1.093877522928725199e+00
1.049942970518022101e+00
1.020132314456087874e+00
1.020473820257281616e+00
1.001565419178090499e+00
1.016664558689879039e+00
1.087016314021229890e+00
1.065750518156510340e+00
1.063957015269192397e+00
1.086827885390169612e+00
1.049577225077323650e+00
1.028661643842664564e+00
1.023204919561491621e+00
1.004813972539366995e+00
1.006220240984123881e+00
1.059258205455020807e+00
1.008616944328769804e+00
1.057298087953357113e+00
1.072358920111561975e+00
1.085136803720847976e+00
1.016737289528582000e+00
1.067626299540745505e+00
1.054839353452313500e+00
1.044670830835119357e+00
1.075998465132177451e+00
1.067998622239463735e+00
1.084245988361676849e+00
1.020167255242235393e+00
1.018546833383263239e+00
1.058662268091533853e+00
1.057999149457950150e+00
1.037275824464029883e+00
1.083145516704023148e+00
1.021673969942484383e+00
1.012171837686611120e+00
1.041890426800313074e+00
1.062138038096891890e+00
1.051365614621475597e+00
1.069203191078096582e+00
1.025827490286365551e+00
1.068710315384215681e+00
1.016651586846795352e+00
1.012234118468372079e+00
