1.015656738925957425e+00
1.073857590751252422e+00
1.078551511323344148e+00
1.006023108910483410e+00
1.041188432352387228e+00
1.070125550417462046e+00
1.093634622169438408e+00
1.061956129322459086e+00
1.015933915503499874e+00
1.071801541429026505e+00
1.098423599473580703e+00
1.059633770015934617e+00
1.080546361019262713e+00
1.081021851518099375e+00
1.052733813220844361e+00
1.042912106048065501e+00
1.025304263668195714e+00
1.022688391679782649e+00
1.050494315763154995e+00
1.062855138532110555e+00
1.077146775288515768e+00
1.088672378519714545e+00
1.025415170042308199e+00
1.001472302715593399e+00
1.081748640158110897e+00
1.064609625572169538e+00
1.051675271636890674e+00
1.036522028148987307e+00
1.012885519671720358e+00
1.020555508547383194e+00
1.003112283862725551e+00
1.091094325696092326e+00
1.003926138102537946e+00
1.091587676897491921e+00
1.090422171677300156e+00
1.034446519113470186e+00
1.044272552581421154e+00
1.054945275286631956e+00
1.073987414769286275e+00
1.092161600737593385e+00
1.030106676711164626e+00
1.095929662517640901e+00
1.051446401228706806e+00
1.010975879393228416e+00
1.089734130849727700e+00
1.085568155735888274e+00
1.068753561124820672e+00
1.008405039744396214e+00
1.085874511869284964e+00
1.044289488184516390e+00
