1.082957238448411630e+00
1.051164938048778863e+00
1.091709460918970809e+00
1.012984584094009710e+00
1.003832411268664959e+00
1.018386706492250715e+00
1.018146007878938830e+00
1.065937194855820724e+00
1.081805529051647063e+00
1.033801260834477986e+00
1.083527726866301943e+00
1.020683023649303189e+00
1.084130252239321690e+00
1.048241434803941496e+00
1.023445610613938239e+00
1.071739297201999674e+00
1.070977940732127598e+00
1.033795401322998408e+00
1.096765123607503778e+00
1.084852494683118174e+00
1.091162162925345847e+00
1.057413467244847194e+00
1.073127371928401796e+00
1.064969065790527525e+00
1.005303460598439225e+00
1.051666699431011764e+00
1.014080288351315362e+00
1.021934014889066100e+00
1.095362561237969379e+00
1.026837007859329187e+00
1.026942652142534440e+00
1.049299732300677190e+00
1.016566955686480478e+00
1.027723613615071585e+00
1.010263853433302161e+00
1.098644394219781661e+00
1.043684517402699408e+00
1.055758488162737985e+00
1.076995543590807181e+00
1.042179442017956870e+00
1.033950241183023477e+00
1.039536877035146523e+00
1.003273750368918860e+00
1.038132126539557776e+00
1.081801393778343057e+00
1.000972988495784310e+00
1.044122741754657024e+00
1.096391440043279708e+00
1.038356296989204397e+00
1.036481561214827707e+00
