1.094446515154883226e+00
1.098532015467317047e+00
1.063295981902011800e+00
1.086110127243449242e+00
1.025956607740965643e+00
1.090930194701447364e+00
1.056577267750804072e+00
1.020869300496708876e+00
1.078619210668722017e+00
1.017005773356677079e+00
1.026661698669532718e+00
1.097649130946432905e+00
1.089532121753787663e+00
1.076374642221485933e+00
1.079156104624747314e+00
1.085319775576500279e+00
1.007128742334824523e+00
1.045603565114695099e+00
1.010336121943027354e+00
1.063775731076605391e+00
1.080638155798992583e+00
1.022175364588150170e+00
1.086136286844859855e+00
1.083114903100844462e+00
1.023851933666525049e+00
1.095467825540843432e+00
1.073018301573372746e+00
1.087435406358381540e+00
1.030733337662289584e+00
1.019943980846069742e+00
1.075327058219788467e+00
1.071718670923472949e+00
1.077614008903374776e+00
1.078624985656972735e+00
1.002198039844207855e+00
1.082385751558246456e+00
1.036728892332032581e+00
1.096451647182313360e+00
1.022525053123347627e+00
1.076467366954196425e+00
1.037075456826560327e+00
1.062789689059713716e+00
1.049934466063527694e+00
1.047904893604380661e+00
1.067747292163059081e+00
1.069373252673567309e+00
1.041823263881490824e+00
1.012153824776645727e+00
1.071863938316838238e+00
1.035371112161111995e+00
