1.074364839034080310e+00
1.084197550199283766e+00
1.078576193799315686e+00
1.001683079831045431e+00
1.008656170680856334e+00
1.094551075922162386e+00
1.003529582252497443e+00
1.059964331370787605e+00
1.090805226327425048e+00
1.040285370543161170e+00
1.061653499508814047e+00
1.094013226001165684e+00
1.010486413782836879e+00
1.078390363068600477e+00
1.044376920036092171e+00
1.007367321769380153e+00
1.077311858666277988e+00
1.009490383262714008e+00
1.082911745238499091e+00
1.089177045205688144e+00
1.035615688071372942e+00
1.048527293067401001e+00
1.097630090473105335e+00
1.010480471859137142e+00
1.046853283201317097e+00
1.027813256959126509e+00
1.007829785702075487e+00
1.037522146978886450e+00
1.003102403939247100e+00
1.022704174455160153e+00
1.037140230115353390e+00
1.041829494152997082e+00
1.002067151848521132e+00
1.086464413497792547e+00
1.009998128780351001e+00
1.069810321145206355e+00
1.038091975485428753e+00
1.055567045406241355e+00
1.039126633892243134e+00
1.073958292354902477e+00
1.083923959153995309e+00
1.039156556694377009e+00
1.087772614290626105e+00
1.036428091952469099e+00
1.052182914069034858e+00
1.035852265079067358e+00
1.060177063077065496e+00
1.096923583812037029e+00
1.097005781044724015e+00
1.031038804794684349e+00
