1.055849878747457282e+00
1.048114287515964138e+00
1.070061220803197211e+00
1.037694620313060589e+00
1.003395685377549640e+00
1.006423680138536447e+00
1.076193326179848642e+00
1.042823969528993588e+00
1.027482360760094915e+00
1.084157406740586360e+00
1.054081979551675152e+00
1.012522424833514512e+00
1.050202184510407477e+00
1.034312361946005510e+00
1.048189448926535317e+00
1.030768037324049979e+00
1.029635742180703195e+00
1.047838327079259724e+00
1.031136302755325529e+00
1.096235842911869929e+00
1.070498029073169155e+00
1.032981718448805042e+00
1.089067418855820257e+00
1.076559643319725756e+00
1.051937587626329274e+00
1.093782783796077629e+00
1.072933058296172026e+00
1.073578622789962633e+00
1.089959060930755674e+00
1.009255061579916735e+00
1.093250533975425931e+00
1.051398679254479607e+00
1.058056796865369797e+00
1.028947135800867496e+00
1.014585087478160341e+00
1.079179602566353147e+00
1.045063615504357335e+00
1.075768161133157319e+00
1.017416402667674413e+00
1.006340522401464765e+00
1.010938181008137038e+00
1.054686850392275277e+00
1.078457836394464575e+00
1.019290470732756804e+00
1.094584836177285192e+00
1.047561561542992070e+00
1.028713620697908615e+00
1.015150982472762697e+00
1.065700106923064716e+00
1.073731866827253745e+00
