1.094815199167819664e+00
1.075489867141751876e+00
1.087726494021691748e+00
1.073322913525428746e+00
1.053778734219751989e+00
1.006010143924213063e+00
1.040849118680840402e+00
1.023364894410927262e+00
1.084621234536378154e+00
1.037920514539192096e+00
1.059943332750783229e+00
1.024041797108698360e+00
1.096086575544686470e+00
1.027217356327136955e+00
1.036280712755383249e+00
1.066775371289754082e+00
1.072673049277712787e+00
1.066966042294426709e+00
1.043379446490468210e+00
1.080717448604435083e+00
1.095657342165203607e+00
1.045870302342596370e+00
1.020372168391031620e+00
1.019710552221274602e+00
1.042020077133555711e+00
1.091736284944258673e+00
1.009878239783245091e+00
1.059305582687415592e+00
1.065302454402378807e+00
1.014505781179664279e+00
1.086321801515293117e+00
1.092773473065582035e+00
1.043606967172044930e+00
1.012796236218541202e+00
1.027747687526407994e+00
1.029968877649445114e+00
1.087269620090271838e+00
1.040322487923275974e+00
1.083986995992675784e+00
1.083969087769143247e+00
1.037094466962217076e+00
1.085952629619016285e+00
1.034567385276988549e+00
1.030718995579231967e+00
1.066362125066653288e+00
1.088664188843056158e+00
1.006918790046001710e+00
1.049946512354876127e+00
1.093227920019990140e+00
1.054601969899857661e+00
