1.061545591857776971e+00
1.075711958131259971e+00
1.039971086516912946e+00
1.061541823184982247e+00
1.065748194255458969e+00
1.037730436131374390e+00
1.022312520785193080e+00
1.010676594707292653e+00
1.053494655315553086e+00
1.094990396694809798e+00
1.000955679984490754e+00
1.063399058218992277e+00
1.026910928165698289e+00
1.003750104594611781e+00
1.012614291016457502e+00
1.075973931167624409e+00
1.040703620644737315e+00
1.082731603165484779e+00
1.067661512302347626e+00
1.058076687509402314e+00
1.004832979717186214e+00
1.094468181245383809e+00
1.018209913375569098e+00
1.018477107112889080e+00
1.086617038166299620e+00
1.074783520010571314e+00
1.040551196867577355e+00
1.057960440403132862e+00
1.080615476060665880e+00
1.021297597428799442e+00
1.056710420420772234e+00
1.060038622573334921e+00
1.079026099892820056e+00
1.015040021583550001e+00
1.021662089375711790e+00
1.055598936548861166e+00
1.084724844355336337e+00
1.056242641071150734e+00
1.049365394975876997e+00
1.089309104185265387e+00
1.037494988046015365e+00
1.046749734226935624e+00
1.043623017939509179e+00
1.038101917784564066e+00
1.040824558606330719e+00
1.053265053654857786e+00
1.003422185817593792e+00
1.029223566413547175e+00
1.049364241773484308e+00
1.046569027651022887e+00
