1.013865689646103352e+00
1.072600654919628305e+00
1.085254774459224469e+00
1.022055327228859278e+00
1.016814980961311177e+00
1.085062846822227645e+00
1.045649855591564314e+00
1.024075180003360286e+00
1.069058430946356442e+00
1.045314502220529684e+00
1.022271618261670012e+00
1.088179100133946475e+00
1.011557671647764556e+00
1.040413525603920863e+00
1.091512236668489289e+00
1.099054443223296929e+00
1.032746400435702094e+00
1.068976421116369702e+00
1.062264304117264802e+00
1.040316094451164020e+00
1.024434909455006482e+00
1.025689451417404641e+00
1.079483738447170493e+00
1.085154996312724052e+00
1.077768116739793891e+00
1.074187850798481891e+00
1.035098130605602185e+00
1.012341415871753636e+00
1.012031467666058893e+00
1.039308870586667100e+00
1.033157646175498989e+00
1.037743607923264255e+00
1.093570442873146753e+00
1.054431212113130512e+00
1.036638061290634294e+00
1.098181685184089762e+00
1.020305617995627800e+00
1.028104979896967697e+00
1.055477543928077466e+00
1.035160951839056986e+00
1.060144237860028760e+00
1.091224190922385429e+00
1.026204365840210908e+00
1.019614837636412252e+00
1.033940126439799378e+00
1.003470394371150931e+00
1.025716038202529878e+00
1.048681975052199178e+00
1.079072672717901638e+00
1.087143546432070673e+00
