1.044160882189076656e+00
1.011887205396347023e+00
1.071681822684827035e+00
1.049922334866257412e+00
1.071857607318451366e+00
1.017007267461626174e+00
1.058777110116874365e+00
1.063641669702458659e+00
1.009408775175949291e+00
1.088598286726561559e+00
1.008939207784808945e+00
1.004100612161922479e+00
1.064419463628780260e+00
1.028459806336490034e+00
1.073953642818541887e+00
1.066479043438116836e+00
1.036098251801685688e+00
1.004724667941717664e+00
1.024596084417609632e+00
1.051937588247342736e+00
1.057516214847006752e+00
1.050825468985010280e+00
1.071285674630010787e+00
1.090283744588105286e+00
1.068124705571487087e+00
1.016324425691691014e+00
1.046847933067057479e+00
1.066026313665799030e+00
1.012242844401947117e+00
1.086159746732601405e+00
1.012979217531770448e+00
1.048013768746757224e+00
1.069292511985505900e+00
1.069929717512728251e+00
1.086735745573446321e+00
1.061508628251414788e+00
1.026448838307135958e+00
1.089567775054110399e+00
1.035348943813181100e+00
1.052008183092541183e+00
1.077562364090747682e+00
1.009294225264055767e+00
1.097858952501775454e+00
1.022541353873690273e+00
1.017269537136221036e+00
1.060626576788749942e+00
1.051379967836493678e+00
1.017506167075405310e+00
1.075476977534295164e+00
1.006280825627082320e+00
