1.025201056854245563e+00
1.033199146941867541e+00
1.018581025021293218e+00
1.096170913608668140e+00
1.033422015831558793e+00
1.076923409301846934e+00
1.082285068976983844e+00
1.090078946735549170e+00
1.043430515779404377e+00
1.005067575913771716e+00
1.023839019931633176e+00
1.057792917382978537e+00
1.031809053752667404e+00
1.052698772373441782e+00
1.089677575440116453e+00
1.085785572455546300e+00
1.011682304763531048e+00
1.091423853331006777e+00
1.090196997484000674e+00
1.041041526584744359e+00
1.053004771225162894e+00
1.046585367658145582e+00
1.015080213391159836e+00
1.074053383106888804e+00
1.011022151140424929e+00
1.074711287855701469e+00
1.018729379990440220e+00
1.013070445962094723e+00
1.027323956575389330e+00
1.099270970553215765e+00
1.000178977595665319e+00
1.019718919303891358e+00
1.021107277884776288e+00
1.099185025841989738e+00
1.001061468314684788e+00
1.085036405299186546e+00
1.098735696707915821e+00
1.006829445414760382e+00
1.077288232057021844e+00
1.082479809798541082e+00
1.017521881964156494e+00
1.019638387860351658e+00
1.034437170866393529e+00
1.042879872616904846e+00
1.008161055125001981e+00
1.086414476154500930e+00
1.093506652345176633e+00
1.077164903965148079e+00
1.034509848921509212e+00
1.041625420087864518e+00
