1.025141189218605975e+00
1.011258999380741708e+00
1.071260377956860799e+00
1.038898842115235421e+00
1.045305563117914227e+00
1.016901447194307195e+00
1.097563788979447175e+00
1.025967810062493601e+00
1.026896194133626983e+00
1.053002746848476168e+00
1.023658808709331902e+00
1.073233760119570501e+00
1.029074297019655804e+00
1.019189554758435312e+00
1.043377631264328809e+00
1.077687887638877129e+00
1.036753394485811830e+00
1.078725669550010702e+00
1.098387798441693874e+00
1.081793174587537765e+00
1.099592103983832336e+00
1.033117169122241608e+00
1.098077085650089213e+00
1.006232999366712955e+00
1.098951747888673669e+00
1.058805126935498331e+00
1.078412437422350267e+00
1.083951156357772394e+00
1.095781127205189609e+00
1.075241166242904667e+00
1.081871556445207716e+00
1.081756404714687037e+00
1.072414337745964730e+00
1.034492845862218902e+00
1.043279265017148294e+00
1.094597650639981490e+00
1.086516175463162703e+00
1.001873106964277005e+00
1.072406584193310364e+00
1.023265916249711527e+00
1.061244491252152145e+00
1.032045146634535504e+00
1.047847707261657213e+00
1.026756851365651313e+00
1.039218279726570771e+00
1.051179185547326478e+00
1.021120232809811235e+00
1.078011426572290654e+00
1.046940932947970637e+00
1.081224596542031069e+00
