1.006061794380315400e+00
1.052086054489551836e+00
1.098527642116178260e+00
1.013151158223962067e+00
1.023122593013707782e+00
1.049022011981563640e+00
1.089726369602919576e+00
1.029467841031090680e+00
1.094863136907725298e+00
1.018680005169703362e+00
1.082757052642964180e+00
1.078167634733271152e+00
1.019156324884070708e+00
1.005763519752999269e+00
1.078389300854905697e+00
1.065374978594467725e+00
1.007875127341640420e+00
1.002835225140883635e+00
1.005873160338851324e+00
1.064283919509433574e+00
1.099836241867733877e+00
1.030744856745808180e+00
1.021010038029786848e+00
1.012215127977528439e+00
1.004574350869573029e+00
1.033905139085859570e+00
1.032238530373445595e+00
1.079413022643979980e+00
1.077945379582265106e+00
1.056265620376321879e+00
1.093870210350553318e+00
1.054403728984263822e+00
1.012300223848509928e+00
1.019204577393266531e+00
1.045034949983611128e+00
1.004513952427131152e+00
1.022985499746638549e+00
1.014199686686957813e+00
1.099062249094574284e+00
1.082588516518410149e+00
1.099689013898211387e+00
1.057572408913560524e+00
1.034966435795323880e+00
1.048602037766173778e+00
1.055398230700660411e+00
1.025234772350569035e+00
1.081113071792834779e+00
1.065191606722449391e+00
1.051598596528636520e+00
1.040703372236747803e+00
