1.013058779964491229e+00
1.043231612049204893e+00
1.013510207909966931e+00
1.049832430778143477e+00
1.054906455110009134e+00
1.061788912417064523e+00
1.089884682200414456e+00
1.026957446122964690e+00
1.007647655682260224e+00
1.032095060744745219e+00
1.001785334948671391e+00
1.011734960705918951e+00
1.076463586462292232e+00
1.038103237830160896e+00
1.053913224341787469e+00
1.085553718920932109e+00
1.057086754362003500e+00
1.069031020279566535e+00
1.018763143586286724e+00
1.037992382193192231e+00
1.088565369165190644e+00
1.037312770456531696e+00
1.039816386186621200e+00
1.017095797577003635e+00
1.057022359361338593e+00
1.057117483595416685e+00
1.077317160712092159e+00
1.049840586762336825e+00
1.069133530695231427e+00
1.072337982659472999e+00
1.038246158741784608e+00
1.081759696145284000e+00
1.001385590888904886e+00
1.080601030074819224e+00
1.058651935837045865e+00
1.010757235179899016e+00
1.080027818376556148e+00
1.036051084617786611e+00
1.059918634419513506e+00
1.030738998261605532e+00
1.071273559233628880e+00
1.031066105307207659e+00
1.018337996722300298e+00
1.094727440223687065e+00
1.096528561481802111e+00
1.010914754525741754e+00
1.007337181782166802e+00
1.083361524547286514e+00
1.078611803989022455e+00
1.016807982343596484e+00
