1.019105569455979854e+00
1.002294768579477635e+00
1.026291579425062883e+00
1.032275470192254518e+00
1.065506312579113990e+00
1.048535140706298385e+00
1.034866483658561265e+00
1.057145980862166601e+00
1.039817073664580871e+00
1.029878888511722268e+00
1.058699886346600394e+00
1.020287361369293322e+00
1.051810953152281236e+00
1.096106636574700310e+00
1.086419154716784963e+00
1.041624958655500865e+00
1.024644424150848332e+00
1.046013627213197017e+00
1.050583648411272275e+00
1.047435300259105029e+00
1.078511311897530689e+00
1.080986212803195068e+00
1.064260664357487007e+00
1.007963034206623476e+00
1.035108415912917357e+00
1.052126062959543917e+00
1.021752438467555590e+00
1.024897628606578071e+00
1.009393412976817173e+00
1.031576207291842184e+00
1.068335854321498024e+00
1.045435038469079148e+00
1.047537269067537968e+00
1.022855329736376051e+00
1.050037876201030285e+00
1.054357259784265866e+00
1.005166563075390984e+00
1.040244349333287355e+00
1.047303130285814010e+00
1.037476117541068499e+00
1.032659471225878978e+00
1.082611936794571239e+00
1.028633966427306978e+00
1.089734184124125260e+00
1.089301589421574734e+00
1.021899691977196989e+00
1.046764211870442551e+00
1.002840296141347176e+00
1.082602899421674314e+00
1.049512917146069757e+00
