1.098459262492365474e+00
1.013789076967051672e+00
1.074223499369264090e+00
1.092574242605265367e+00
1.050591825042933802e+00
1.071823190042340279e+00
1.028277383754072183e+00
1.088453646869634195e+00
1.086829581617462903e+00
1.085582012160758003e+00
1.027880681655996220e+00
1.007783477181069198e+00
1.011488638055436651e+00
1.000858300142565716e+00
1.059724447403084024e+00
1.058772603052591688e+00
1.072113364000639057e+00
1.031237628993112443e+00
1.029797757608891473e+00
1.066393522545480366e+00
1.079068360972056828e+00
1.092939331011721027e+00
1.069761236021879336e+00
1.084557888556714866e+00
1.029071202315577249e+00
1.031430782150374981e+00
1.047618153118740736e+00
1.088669326260292447e+00
1.084598250297876598e+00
1.088339313517615592e+00
1.092688859289692394e+00
1.034176405856676695e+00
1.015651418325866251e+00
1.014737913175242090e+00
1.035214787639338496e+00
1.002719405959323185e+00
1.031650731768641860e+00
1.087853035245109234e+00
1.029204884244391938e+00
1.046154120656830999e+00
1.048503013625260438e+00
1.028216125965261352e+00
1.094840729878072239e+00
1.097228081162672897e+00
1.066312966173642129e+00
1.022344662733568610e+00
1.085017967944172046e+00
1.045890441227433687e+00
1.045835233601155156e+00
1.002814645924485104e+00
