1.021210225071286226e+00
1.038830329820382481e+00
1.046575093425381686e+00
1.021168090845254950e+00
1.096785910173229350e+00
1.009047583054434316e+00
1.022559796171351509e+00
1.080477469895160914e+00
1.090182358337121737e+00
1.020879965356808583e+00
1.014694574807746719e+00
1.069318535440044071e+00
1.016501517372868424e+00
1.054917040478749790e+00
1.094497377477199995e+00
1.071622651958160866e+00
1.048705995925835799e+00
1.010279868998056330e+00
1.029185974467695441e+00
1.097342111146292876e+00
1.043630188298535044e+00
1.094823790779203776e+00
1.009207861335774892e+00
1.067496237908372780e+00
1.078035893781284393e+00
1.058430020436814889e+00
1.036808471254487385e+00
1.048776398666441567e+00
1.024468039750060511e+00
1.040925647508053720e+00
1.077507297098849959e+00
1.097882411664972357e+00
1.096993382259121352e+00
1.032843916974174325e+00
1.099959197439042136e+00
1.055110263509793977e+00
1.041352549881601641e+00
1.027503985968787115e+00
1.086958345468599818e+00
1.027405050562788302e+00
1.073198018865346048e+00
1.034347654259303528e+00
1.052541795916623890e+00
1.001735361505079247e+00
1.096263091136346901e+00
1.067885344067351250e+00
1.028113518232845802e+00
1.062118024948758066e+00
1.027094804070716627e+00
1.028284200015378458e+00
