1.022251795753649217e+00
1.091589935469506889e+00
1.085733562071038438e+00
1.057805263915624128e+00
1.095163529165972705e+00
1.022617401995549402e+00
1.061678288701445760e+00
1.084975271001476393e+00
1.096314250158807457e+00
1.016210201517700584e+00
1.011947422445969025e+00
1.048350494732566807e+00
1.030642188887564092e+00
1.084041214521198393e+00
1.014330744064866563e+00
1.038060970720823040e+00
1.078201325360773621e+00
1.074800804283186029e+00
1.099097636412815771e+00
1.079357405838707873e+00
1.005480629257236247e+00
1.064996442457907699e+00
1.064605282388516150e+00
1.095126221245131370e+00
1.070575869975223249e+00
1.048694973883471881e+00
1.075690827273830585e+00
1.064539970350288023e+00
1.057383671369370060e+00
1.015835149622691835e+00
1.088722239805043124e+00
1.045938947454410517e+00
1.057784006281640821e+00
1.094466472143888369e+00
1.065891227843932754e+00
1.048757762471984378e+00
1.010989354577452204e+00
1.057487235452469587e+00
1.022549058638700936e+00
1.050939896305252308e+00
1.015572814809158508e+00
1.096812302912138826e+00
1.059859920763146723e+00
1.074271194016118036e+00
1.094114320013283237e+00
1.089102042488194533e+00
1.051546676029177618e+00
1.060403288979357539e+00
1.031581779490243100e+00
1.049713388289189142e+00
