1.084897127121266402e+00
1.002031540014026278e+00
1.044832957590858813e+00
1.093995325294550014e+00
1.081902574354219437e+00
1.028460202579714933e+00
1.000363835391639533e+00
1.053709893533196995e+00
1.013615426563378774e+00
1.028939753089927356e+00
1.028687677435166536e+00
1.033059773194983544e+00
1.035636457709107061e+00
1.047813151793490993e+00
1.001674860340808770e+00
1.063443808751235009e+00
1.039654112010676146e+00
1.074576006073900469e+00
1.039509847754431782e+00
1.057949972764776980e+00
1.016586862443336958e+00
1.066978765269140705e+00
1.021085759459214648e+00
1.035208916546978219e+00
1.017305434239589745e+00
1.078993504924194546e+00
1.068426830204388445e+00
1.013933780975574184e+00
1.046326468822965872e+00
1.037625200977473572e+00
1.074869769162295485e+00
1.058209000869664518e+00
1.056969186839374020e+00
1.038887921707448481e+00
1.062279991546488445e+00
1.062802318754323849e+00
1.078998481217599892e+00
1.051815199238345544e+00
1.019713199480460908e+00
1.055458767964914335e+00
1.070071638271744785e+00
1.024663672529374736e+00
1.049224896822558595e+00
1.087635372865127348e+00
1.078355731755869629e+00
1.074445513144357989e+00
1.041498344598182468e+00
1.055124053868663481e+00
1.059440830422719637e+00
1.070025129770367567e+00
