1.032540212877973040e+00
1.053438347042636947e+00
1.076355901820861938e+00
1.002613800764065033e+00
1.032018720153478730e+00
1.031921329923438657e+00
1.077182082998781265e+00
1.028280854963042446e+00
1.076800332104604685e+00
1.021088323814457244e+00
1.046843690006380667e+00
1.084883676611070769e+00
1.029182736842048529e+00
1.040827288348721735e+00
1.054922347215688783e+00
1.090564443278717155e+00
1.013985662714478320e+00
1.001053275477064464e+00
1.025554080484216701e+00
1.009351080221449148e+00
1.050897068833900994e+00
1.003267460797511612e+00
1.039402465961859034e+00
1.013089073048096145e+00
1.087750501217887633e+00
1.051895732850471221e+00
1.082073809355371674e+00
1.029195535120428939e+00
1.093675043559682925e+00
1.020511653774758942e+00
1.062334740614388595e+00
1.031380190911918016e+00
1.021963568124373944e+00
1.012247209138709803e+00
1.057940704127206644e+00
1.010214623484932073e+00
1.050322042092689312e+00
1.089697420821942320e+00
1.008168781287938076e+00
1.038692474349358186e+00
1.070329301617159334e+00
1.002411791247271644e+00
1.033458306520099290e+00
1.063601400604018643e+00
1.075284773834278784e+00
1.078061879640485499e+00
1.060514291763195782e+00
1.049153715115869190e+00
1.096224041743803390e+00
1.030915407575871301e+00
