1.046706778745942978e+00
1.031722179497172265e+00
1.092831268027979030e+00
1.001414056044210854e+00
1.043932445772015605e+00
1.027752202243919388e+00
1.083781440891194769e+00
1.051151396525008774e+00
1.052058510623184118e+00
1.051341430562577672e+00
1.058410184275963006e+00
1.098174114688678982e+00
1.082347926966620966e+00
1.043062809896980525e+00
1.018121333882552770e+00
1.083778148891365589e+00
1.083342536285793134e+00
1.081528897014874424e+00
1.064280332113294314e+00
1.067392175221209438e+00
1.015254435080902073e+00
1.032496014907070547e+00
1.039641221416410355e+00
1.047358631276109842e+00
1.040188330794825644e+00
1.014782398369608707e+00
1.001334436563683816e+00
1.021719161444935908e+00
1.074946638436882207e+00
1.020227415857851705e+00
1.046055283665747737e+00
1.045128204552722817e+00
1.014736899806890635e+00
1.008219477688732102e+00
1.048166889147263525e+00
1.016812012176017355e+00
1.002812737866715764e+00
1.077442807075082554e+00
1.036033576666877565e+00
1.069378830964160088e+00
1.069028944792322688e+00
1.075910780360514352e+00
1.047663531507149415e+00
1.008128001066293855e+00
1.026633714260441588e+00
1.046287981917397580e+00
1.090658421924898480e+00
1.027268034208262071e+00
1.073127278262596684e+00
1.084646993036744389e+00
