1.018568715944328407e+00
1.099423349358340518e+00
1.014092933067227920e+00
1.054854485300279920e+00
1.049708078481716766e+00
1.003172663426649347e+00
1.064293948369616549e+00
1.088477179471131651e+00
1.001836892977368443e+00
1.076982663911453919e+00
1.040166381224189029e+00
1.021201351608258534e+00
1.030286412243947014e+00
1.084498372139477640e+00
1.027254508026526958e+00
1.044957236633309083e+00
1.021355757968387179e+00
1.006286201296572091e+00
1.067851351418435124e+00
1.036816410660241328e+00
1.036158172167323421e+00
1.085982223410035807e+00
1.049398575377750165e+00
1.063303387571275405e+00
1.015346966424602426e+00
1.048348246194655609e+00
1.077096408134273098e+00
1.035011245480406350e+00
1.091441108997965204e+00
1.081296388010623666e+00
1.098878200207561218e+00
1.050203808163476138e+00
1.022436537692383629e+00
1.092681519620144037e+00
1.050232401621814970e+00
1.093257014392573279e+00
1.071628347590168229e+00
1.027209595829124078e+00
1.094546318760478920e+00
1.083142149956114242e+00
1.019128669381763164e+00
1.050112053719405969e+00
1.097153738790209943e+00
1.093039898682697686e+00
1.000871631276076590e+00
1.097761620950203243e+00
1.073515188177782465e+00
1.096074038607911527e+00
1.023591398374772421e+00
1.046910676250317973e+00
