1.034795439603999112e+00
1.005287033356867976e+00
1.008184835684056591e+00
1.054467497214218508e+00
1.010955628834179887e+00
1.007411006157728384e+00
1.027085913989511878e+00
1.044275041542801263e+00
1.070117455644255866e+00
1.049825951221561082e+00
1.012411428988575723e+00
1.063706084232582505e+00
1.093380925288711225e+00
1.088180256828658488e+00
1.015556937549834338e+00
1.076438821434647419e+00
1.062721752614185000e+00
1.003034950007196224e+00
1.013964781888753386e+00
1.099833874975777448e+00
1.061528589541248735e+00
1.048797893571578044e+00
1.051821325529330498e+00
1.033249718578490572e+00
1.083491210131803051e+00
1.067016624946528935e+00
1.057611896610741509e+00
1.034419625819976929e+00
1.011274256292739482e+00
1.045209203811439780e+00
1.002319064172762175e+00
1.050259793297889876e+00
1.036122946444771875e+00
1.053088064998392248e+00
1.049339210452960636e+00
1.018734620977576721e+00
1.041455184445137405e+00
1.083445279211892265e+00
1.088292210926712578e+00
1.035059870392302850e+00
1.083079762263329693e+00
1.011238405821698993e+00
1.005809636934636320e+00
1.003443844402237550e+00
1.035245019489933860e+00
1.033052440076724254e+00
1.011644207687883101e+00
1.032444097594196863e+00
1.034942076752909390e+00
1.001880728542964061e+00
