1.036961492688819098e+00
1.027835027998557749e+00
1.032175936817659956e+00
1.041507484842976172e+00
1.024971953344662845e+00
1.097417739641791457e+00
1.016920374499557411e+00
1.012809164227857828e+00
1.062903780526708308e+00
1.084333265103395894e+00
1.057278314334110014e+00
1.019993811968880726e+00
1.095515478737758119e+00
1.003858038294033417e+00
1.057289702544491616e+00
1.060977752309286259e+00
1.069335056532966677e+00
1.039969793877516535e+00
1.079301111726505447e+00
1.034243341269512895e+00
1.028100512434157565e+00
1.075312433602712447e+00
1.016741621755940628e+00
1.052910143541081478e+00
1.066946963180793073e+00
1.039182173960107702e+00
1.073446015482972138e+00
1.016255671669962668e+00
1.066986634055155037e+00
1.038457080867971838e+00
1.078383667990196804e+00
1.093486999893293454e+00
1.020911644515739125e+00
1.077057325213327532e+00
1.060747055097030822e+00
1.026123490075550482e+00
1.051127445286645479e+00
1.055765310516567190e+00
1.055923663613370422e+00
1.024311292038722288e+00
1.073693437905079096e+00
1.044969965734107387e+00
1.055834565915903633e+00
1.004084767685195612e+00
1.024707119370090069e+00
1.045442286194990578e+00
1.046816511709171671e+00
1.088459655218519062e+00
1.014788852153714283e+00
1.042976873103126145e+00
