1.031302387820280053e+00
1.093852034081689517e+00
1.021326399782733763e+00
1.066326143518908198e+00
1.034943259931951465e+00
1.070988413349704294e+00
1.037292494844695767e+00
1.073719400991280271e+00
1.048974629594917385e+00
1.095128497096491182e+00
1.029991315387863038e+00
1.045363386412739848e+00
1.087233123111538191e+00
1.000046589344222525e+00
1.017655346335979649e+00
1.069980758365566498e+00
1.087606276386083870e+00
1.007928073797264013e+00
1.042048523647647107e+00
1.087448839062414851e+00
1.090022633305689936e+00
1.021097331622500715e+00
1.096062739686255894e+00
1.051320255844045093e+00
1.097158026528958441e+00
1.009239287615507186e+00
1.066974214485406414e+00
1.065858278224990352e+00
1.048256639772561005e+00
1.094206789336237273e+00
1.065969028813775532e+00
1.056238380256151466e+00
1.029015141140297240e+00
1.078832651308433199e+00
1.047165276500382491e+00
1.025600197720506479e+00
1.070416788952706755e+00
1.002356737867827530e+00
1.011145119558140015e+00
1.036332588558064538e+00
1.003387867037934589e+00
1.032568501407056472e+00
1.088305335482472325e+00
1.021529846944384756e+00
1.095845297680777763e+00
1.091056034023418775e+00
1.053769969440282228e+00
1.041027259634463853e+00
1.080918452300537513e+00
1.092286594257064980e+00
