1.074643940287463240e+00
1.006815771867605624e+00
1.097506055849295725e+00
1.083695202087183507e+00
1.011671639803707556e+00
1.048497086766171815e+00
1.031451564017030087e+00
1.035871552933592232e+00
1.012642590123282949e+00
1.079512346891595698e+00
1.018284150433001800e+00
1.040284267598677870e+00
1.023154502911335362e+00
1.006971973432349010e+00
1.031405443018025503e+00
1.029036020911479943e+00
1.068619434916359356e+00
1.023962075332930821e+00
1.064089691613397948e+00
1.068145624447934816e+00
1.047267821505330376e+00
1.045027249473130082e+00
1.088575703621128099e+00
1.083181701914091244e+00
1.005709126397221320e+00
1.095198979436862841e+00
1.006620251869264182e+00
1.087592457350675001e+00
1.075391211888911513e+00
1.022145280359128883e+00
1.072583758024210798e+00
1.090857113717004667e+00
1.067654886730138086e+00
1.034941559467765337e+00
1.048825797447554997e+00
1.082664089384776984e+00
1.069523524568188222e+00
1.076601846488245195e+00
1.047287191697093167e+00
1.060907236521693608e+00
1.071465320291374423e+00
1.060814728350453429e+00
1.062947972525972506e+00
1.020431409758621122e+00
1.017572139387090235e+00
1.097744522123840660e+00
1.051319197609632328e+00
1.090726899519716797e+00
1.065647316635644160e+00
1.027572613097214926e+00
