1.009549765805088706e+00
1.056815634411045757e+00
1.046079649927736277e+00
1.079886754722261699e+00
1.063543618180617489e+00
1.011304210384590840e+00
1.070714813484256345e+00
1.007231750009189852e+00
1.079639052711321323e+00
1.025851747688061533e+00
1.024462992211896406e+00
1.088862969321551910e+00
1.011881537525222807e+00
1.045498802385743442e+00
1.053218139990800273e+00
1.019698232027952400e+00
1.016386250613923625e+00
1.013336733809848900e+00
1.068393537739578791e+00
1.017790935437327793e+00
1.068511739134232696e+00
1.093539293942928703e+00
1.022404790008293762e+00
1.058408578204818040e+00
1.026836096858309455e+00
1.045606554271090616e+00
1.085799790757628669e+00
1.078641051042258825e+00
1.009499545354732408e+00
1.017305864082935107e+00
1.088450063245154587e+00
1.005962146833706106e+00
1.021921875499679722e+00
1.072802148928354127e+00
1.002287312195659030e+00
1.057698134595319139e+00
1.010064230984402789e+00
1.036535046342846877e+00
1.097451234288699728e+00
1.059404863595222457e+00
1.065377264099498733e+00
1.073167850445231331e+00
1.013339097919463416e+00
1.097753646312871645e+00
1.014834690866586397e+00
1.014816968443956968e+00
1.082201419140477627e+00
1.009635766560865289e+00
1.004322143656795507e+00
1.085534273783172132e+00
