1.008522990686971488e+00
1.079333166520924481e+00
1.058940208717468634e+00
1.050276640775677617e+00
1.029369699817330730e+00
1.008720561870552368e+00
1.030182208359317064e+00
1.010366845084240683e+00
1.062986754384335431e+00
1.077899109023096713e+00
1.086873890123002617e+00
1.019329606530026133e+00
1.089422086123361444e+00
1.031571836579839641e+00
1.020536111335518026e+00
1.055381440216704103e+00
1.000543066186246000e+00
1.058917535932562437e+00
1.052085883410606382e+00
1.061761914668363005e+00
1.010507422935433164e+00
1.008006250537822224e+00
1.003438924878041094e+00
1.025545243624790048e+00
1.015757124637035158e+00
1.056320006752311302e+00
1.094627933707141176e+00
1.065353920983260760e+00
1.039388723083088495e+00
1.096193834908723463e+00
1.049093867719407935e+00
1.033754336956615116e+00
1.025029158009530761e+00
1.021917647693925124e+00
1.023927135795632326e+00
1.082966979611873271e+00
1.056078956390188450e+00
1.096478192810295793e+00
1.076656854818265785e+00
1.098139971788509417e+00
1.003396170113932895e+00
1.097001556590709637e+00
1.008228086924483291e+00
1.069163305155743871e+00
1.022934616128482466e+00
1.055750511533387836e+00
1.057316585954570121e+00
1.098586301917467534e+00
1.088236928875220499e+00
1.058104244692269491e+00
