1.030559658099675868e+00
1.092601692648369704e+00
1.057219811221493000e+00
1.049717320459947256e+00
1.090404019833717486e+00
1.022787699993336075e+00
1.099688873452227211e+00
1.058426129265856552e+00
1.087495970322926775e+00
1.005315263633838496e+00
1.076679628327349869e+00
1.072194174291377866e+00
1.043862194047020520e+00
1.009211779487092953e+00
1.077495800679324267e+00
1.079166885581339663e+00
1.008193124437841925e+00
1.093282899128220631e+00
1.048128191609994486e+00
1.009692371895118512e+00
1.034870142776529445e+00
1.095751239859635184e+00
1.037850467932124099e+00
1.017687205173512854e+00
1.097288464257779816e+00
1.052571316436585525e+00
1.031906942082566614e+00
1.092067546250452548e+00
1.060809102975136975e+00
1.099729755906475592e+00
1.051660960531367595e+00
1.040220284353794877e+00
1.099584188929396911e+00
1.004652638087399241e+00
1.069833380854826377e+00
1.073894954012998282e+00
1.062853146009015148e+00
1.037314188217618893e+00
1.040981799453827517e+00
1.037993102169702420e+00
1.096806079769564901e+00
1.065353729800109894e+00
1.045177206773043377e+00
1.090506753956819841e+00
1.061993414088767462e+00
1.099681524585091719e+00
1.096021721853933872e+00
1.072550676770397393e+00
1.046094813480136443e+00
1.014935075510028151e+00
