1.072156390079774146e+00
1.063329087792160177e+00
1.008238211442342935e+00
1.020027898491224327e+00
1.056220767361762958e+00
1.026187784897470534e+00
1.023762838311315759e+00
1.095207044120775297e+00
1.021734704423737483e+00
1.094520205483292319e+00
1.095684262707107504e+00
1.089224381462350122e+00
1.015307460015844709e+00
1.079579983360447137e+00
1.022237907874488538e+00
1.044375738721595059e+00
1.082822172614863687e+00
1.016855106296127520e+00
1.060072110784880284e+00
1.090597836506187024e+00
1.073620820060131376e+00
1.074249409250963794e+00
1.088304060391095840e+00
1.084187861933287866e+00
1.062540763346973227e+00
1.008720409598442558e+00
1.091408565884167015e+00
1.029286464967274162e+00
1.079831409518969165e+00
1.072215975773706198e+00
1.046711826053443817e+00
1.026381297920597513e+00
1.045535087684180242e+00
1.091712737143927026e+00
1.043584499393156673e+00
1.071823378789716674e+00
1.058154332261776132e+00
1.098358197503863209e+00
1.082798164682766906e+00
1.000744283050961636e+00
1.094246706896505161e+00
1.070484170628723142e+00
1.003379092257233207e+00
1.051414816610847014e+00
1.068461538351817675e+00
1.041002327200063693e+00
1.073365806922807142e+00
1.009162174880400720e+00
1.063592456739128389e+00
1.005331725619566408e+00
