1.088209584266405017e+00
1.026197844857987151e+00
1.009296545476227269e+00
1.067323406484152581e+00
1.059343715920767481e+00
1.027806805762701670e+00
1.024608900019461588e+00
1.007635955004996253e+00
1.014796885961628758e+00
1.058446144062685779e+00
1.017388742585479067e+00
1.031957087069502510e+00
1.007042749693473516e+00
1.060129093778136244e+00
1.095198205522261325e+00
1.051614787937822593e+00
1.054325010709504573e+00
1.015433405657400812e+00
1.031142016365365066e+00
1.075239112117797102e+00
1.081665556870229361e+00
1.088608480390414801e+00
1.096218116282530852e+00
1.086573915665521195e+00
1.051375352175339506e+00
1.020494101887553073e+00
1.031210391090783940e+00
1.072691774528383490e+00
1.068372515279545132e+00
1.044882285087296303e+00
1.068892188942249133e+00
1.049847753570971598e+00
1.081976199591887955e+00
1.083198371465045273e+00
1.035551519651757069e+00
1.084033368598660063e+00
1.029409185484977618e+00
1.081184067838610430e+00
1.094267154633429939e+00
1.041394384722728939e+00
1.048832330548117531e+00
1.001402575865361522e+00
1.089337269288181087e+00
1.019148722635830673e+00
1.079847064236336029e+00
1.088320201003381671e+00
1.031693925962943847e+00
1.056057452970717403e+00
1.006292219927525045e+00
1.024830741462024575e+00
