1.037932326609110723e+00
1.052648638962473182e+00
1.036695457687533128e+00
1.032103064938047599e+00
1.075717164002309101e+00
1.064127814526327098e+00
1.065844782426075277e+00
1.067661014890588067e+00
1.032375986544431745e+00
1.031471542230322669e+00
1.076055894348656006e+00
1.013039436595208898e+00
1.020018705919326418e+00
1.042479269449121837e+00
1.018188480397236084e+00
1.070806070983147062e+00
1.011622048747491398e+00
1.072666311969545871e+00
1.075643024065380038e+00
1.082823308411787311e+00
1.057091059504934760e+00
1.008847770056892745e+00
1.013948894434500092e+00
1.094660150838419721e+00
1.024177911227637683e+00
1.051995644443527222e+00
1.039424368562225975e+00
1.045687307545772438e+00
1.072679630460092959e+00
1.043389869562731720e+00
1.031797195525772537e+00
1.000064145743660093e+00
1.099856899440665225e+00
1.038757835622758030e+00
1.059797044803090449e+00
1.040033706465157248e+00
1.072697114074871116e+00
1.000014210454442498e+00
1.075543827862592838e+00
1.032157607932525645e+00
1.039897324030353065e+00
1.009401980568980450e+00
1.053132952348980522e+00
1.015668898342201976e+00
1.089427856680090123e+00
1.095907865132144332e+00
1.050905559099761577e+00
1.026364866104603646e+00
1.064918933411841628e+00
1.004144791579061780e+00
