1.003109683491475224e+00
1.066236860798368991e+00
1.086533131305174260e+00
1.012580054190934442e+00
1.051651686769704774e+00
1.059561065785222800e+00
1.024055501388576372e+00
1.055225603124352096e+00
1.014437021158368868e+00
1.024554454002395421e+00
1.094396449432821772e+00
1.033539691306158970e+00
1.072755674292055428e+00
1.003897302578742767e+00
1.061101432541542877e+00
1.076514799670277744e+00
1.080939906662528927e+00
1.040252832670587990e+00
1.004040730731206033e+00
1.085796073351553925e+00
1.058364830028774239e+00
1.068874773429163483e+00
1.073104405121059424e+00
1.036429771761800511e+00
1.069404302950015762e+00
1.004666085404611220e+00
1.038839414300198216e+00
1.081147310841016562e+00
1.088614333614910112e+00
1.004672080519899424e+00
1.058174145903463259e+00
1.069554205938581415e+00
1.022515641169152723e+00
1.058576384650928404e+00
1.079466330328745505e+00
1.029382275691782755e+00
1.027701048336633338e+00
1.093967734512151679e+00
1.089727705170721705e+00
1.009909625211411699e+00
1.064185781434078493e+00
1.040224806915770905e+00
1.021714271525169249e+00
1.087576002963424049e+00
1.011417811904685271e+00
1.043272908131029908e+00
1.030499423865760544e+00
1.035491451692572396e+00
1.021818649764473674e+00
1.056111942689140770e+00
