1.056184553780459945e+00
1.078447259034025274e+00
1.064089415856400489e+00
1.009887418311424812e+00
1.047232310908171149e+00
1.087412234278007928e+00
1.028245748554281302e+00
1.030211562584711693e+00
1.001683686340429924e+00
1.033955575383569192e+00
1.020045356459936325e+00
1.038866896467365741e+00
1.000201515458822410e+00
1.058373663480149718e+00
1.088885452125357478e+00
1.013601585952297324e+00
1.084430443818381606e+00
1.075493260910288740e+00
1.009578316441186452e+00
1.029388740466824714e+00
1.097603903496253919e+00
1.003880599308548449e+00
1.028354580526517070e+00
1.023069498457680693e+00
1.033452240885407436e+00
1.076261206398548609e+00
1.068627809983281329e+00
1.004525796667627757e+00
1.013926496234812014e+00
1.021562464066523512e+00
1.014746533937268769e+00
1.009825595945048615e+00
1.003842067788631498e+00
1.095942757995891581e+00
1.084733471168111807e+00
1.044130515336531007e+00
1.043077322731928325e+00
1.058534587748877431e+00
1.034178347276462961e+00
1.028873943917931966e+00
1.003833887417390214e+00
1.024632090914642246e+00
1.023955921064308994e+00
1.066099643731593272e+00
1.004611297986202523e+00
1.075304614551087390e+00
1.056836211391833924e+00
1.025089693594417817e+00
1.048392606165066798e+00
1.000745003099890340e+00
