1.005469310405301187e+00
1.051263815315214289e+00
1.045743249437392830e+00
1.045875072842051390e+00
1.072242651128096691e+00
1.058623227799699640e+00
1.045811359000376140e+00
1.008255191514800142e+00
1.073427344245958537e+00
1.096080290541297630e+00
1.000008469143108369e+00
1.081304264535055237e+00
1.035371552374064086e+00
1.029999100244694210e+00
1.001674801201106746e+00
1.095162045170412490e+00
1.051269045069287422e+00
1.054457378824616098e+00
1.058428403170140530e+00
1.058284976965700563e+00
1.088829626333569722e+00
1.065950848210951429e+00
1.083351235235443744e+00
1.079171059689354228e+00
1.022255673602165071e+00
1.057946661859374249e+00
1.031089071247785371e+00
1.022684176449299320e+00
1.008439775654526915e+00
1.018480851205344262e+00
1.058494294046658624e+00
1.035366322434141839e+00
1.024103498874851637e+00
1.019510041711235493e+00
1.071769260666394885e+00
1.051276442072854200e+00
1.012024120981305231e+00
1.016430966739923614e+00
1.094362273043937961e+00
1.091020779164164622e+00
1.090863643900830349e+00
1.061695438798579971e+00
1.088861601815131808e+00
1.079081927835235488e+00
1.042177317976091810e+00
1.088389101203934839e+00
1.098137326418671122e+00
1.020074762211581110e+00
1.038786909760582855e+00
1.009785046871586101e+00
