1.014027116759752767e+00
1.061880558766154614e+00
1.068348515345002081e+00
1.089537003811944293e+00
1.048145124551944862e+00
1.046383823163319793e+00
1.031628533903341527e+00
1.084430706075866224e+00
1.042760343663601930e+00
1.036942319241846766e+00
1.001989788922715841e+00
1.077132871684383764e+00
1.027501938919772817e+00
1.018664381560391963e+00
1.052885933353247427e+00
1.039431566501561655e+00
1.008538797768751882e+00
1.004013367741943608e+00
1.062874040825648514e+00
1.077060457506994862e+00
1.038291730700843907e+00
1.043863862364577288e+00
1.042196360611909789e+00
1.061469467274521294e+00
1.085268452622729640e+00
1.096402198014772456e+00
1.044609101264705853e+00
1.034381498602235272e+00
1.009350057560781888e+00
1.000583747517057587e+00
1.078259713606440018e+00
1.090221210685958120e+00
1.046069056008027021e+00
1.064637054224846224e+00
1.001886066038018885e+00
1.054153358892849335e+00
1.047022982433638560e+00
1.092052558724788236e+00
1.085667998844149773e+00
1.067213730560278240e+00
1.084278587578168196e+00
1.056190179356764069e+00
1.076830966366337350e+00
1.094621709924611608e+00
1.031062343049337970e+00
1.069988279143493592e+00
1.038243034637546192e+00
1.039717626948274853e+00
1.043085988530157548e+00
1.088324788388339126e+00
