1.016381016016196570e+00
1.066138784056908539e+00
1.018884694374089683e+00
1.046531752850031083e+00
1.092399445969428617e+00
1.007199407196638141e+00
1.092898767585612108e+00
1.036389721959986465e+00
1.087086345465527071e+00
1.006930984017212261e+00
1.037757372294255465e+00
1.017236192775074155e+00
1.077493343410543591e+00
1.029498478537469008e+00
1.061399708894599447e+00
1.098228925933965927e+00
1.013714656810952075e+00
1.080053587972986895e+00
1.071388236675512751e+00
1.001960147207551666e+00
1.006335852992806590e+00
1.003667775498807480e+00
1.025044253613071055e+00
1.011665534132694777e+00
1.014909398999104928e+00
1.034007112828487340e+00
1.042571732357781888e+00
1.043078297527384235e+00
1.078044394754781088e+00
1.098900426783527617e+00
1.074693291043650190e+00
1.028235573962672067e+00
1.066744243537828707e+00
1.036572287805467729e+00
1.046386961385998404e+00
1.014929595283253327e+00
1.043472669863363178e+00
1.015647233665295746e+00
1.021752753007075354e+00
1.058778012891299802e+00
1.028596696045070757e+00
1.027224430242521525e+00
1.072422318867671587e+00
1.088762883513743729e+00
1.080977775752422598e+00
1.070714992224368611e+00
1.004348773249751581e+00
1.029358064532490014e+00
1.022378073022702782e+00
1.059570965234648110e+00
