1.074416101176673966e+00
1.003017376855062759e+00
1.095200702283108951e+00
1.074462437676778848e+00
1.073181732305201752e+00
1.002060704532918178e+00
1.077363668992334267e+00
1.056890779960793836e+00
1.012171542109215672e+00
1.061732220607000343e+00
1.030506410411495377e+00
1.075840939860569279e+00
1.038520303661116362e+00
1.040565214137332495e+00
1.054888713733208583e+00
1.034844714087689077e+00
1.015965394315990755e+00
1.017266229416189605e+00
1.097324379394251315e+00
1.084450478210706281e+00
1.024692230495318324e+00
1.097588457822679109e+00
1.036141467646495729e+00
1.063600865952273988e+00
1.025585583533116241e+00
1.017687189275817694e+00
1.062256135743201879e+00
1.002815856034764197e+00
1.091978220788943910e+00
1.070870092549304431e+00
1.048893243478921100e+00
1.005037176050177727e+00
1.076322850413423016e+00
1.097182554564103629e+00
1.073204564675207751e+00
1.069621178518793014e+00
1.010742930726013622e+00
1.075210768260377314e+00
1.052670649251166157e+00
1.057145418903580047e+00
1.064701617182381321e+00
1.061054243355843862e+00
1.012945260154580085e+00
1.067414146518132601e+00
1.007408860322031696e+00
1.033830630746858770e+00
1.024796718574950471e+00
1.013873363335360489e+00
1.082372200632077952e+00
1.037254728199303200e+00
