1.088183188064340001e+00
1.017186474700962240e+00
1.096755802492856979e+00
1.037921428197753126e+00
1.080505773420506133e+00
1.062478118469429633e+00
1.039928905696498873e+00
1.002030147149268524e+00
1.051941790467369575e+00
1.045702740458022362e+00
1.043492480691910140e+00
1.023958577671652215e+00
1.029070643345022296e+00
1.077847742949580523e+00
1.041151303207791257e+00
1.076267608240917717e+00
1.070052986602991973e+00
1.077728944666786592e+00
1.045252838973430132e+00
1.066822728703135104e+00
1.038897499941104696e+00
1.027680911216695581e+00
1.095912631107572643e+00
1.023976613476126118e+00
1.068867188549868841e+00
1.083609451128769718e+00
1.044197153301709591e+00
1.013235562479630092e+00
1.037009233051588541e+00
1.063274726729073860e+00
1.046671877970764886e+00
1.003216917955551679e+00
1.000670736837848906e+00
1.026642138893471001e+00
1.094429213645602861e+00
1.004132407405617489e+00
1.085976629107794356e+00
1.001630105430964868e+00
1.079270729188595013e+00
1.014086698737548753e+00
1.099948383510980676e+00
1.091393668435087783e+00
1.050084112353384169e+00
1.057294911170013840e+00
1.064283399103048477e+00
1.072137982328869699e+00
1.008549184804390819e+00
1.009801362596603136e+00
1.064442339937359705e+00
1.086949820159732516e+00
