1.043238240526296101e+00
1.024688806785677198e+00
1.035975127740303314e+00
1.069261762544321037e+00
1.036267589493041319e+00
1.044170420988334014e+00
1.054263292420339893e+00
1.080062804791282138e+00
1.072399567642019713e+00
1.050119853383735702e+00
1.091285912129345448e+00
1.075434901833648871e+00
1.090809166964588739e+00
1.005869161384468358e+00
1.006236058584375481e+00
1.018660823728813059e+00
1.024258425093777847e+00
1.067198810298783940e+00
1.078013306538676774e+00
1.096487538446700327e+00
1.076785901812066681e+00
1.007085038431618562e+00
1.055975225971245157e+00
1.038660237145534904e+00
1.052914546673241691e+00
1.050755073176304233e+00
1.066052917481697504e+00
1.020515738339293099e+00
1.049672129121924868e+00
1.031216319702886963e+00
1.010105362721593902e+00
1.039626039408136915e+00
1.091052185366856442e+00
1.099151620669160501e+00
1.008388811844819877e+00
1.017138712302695813e+00
1.020489343607559718e+00
1.069328821318284328e+00
1.007945908579333860e+00
1.045375930054373681e+00
1.004051408552832036e+00
1.086925423311047467e+00
1.029743994480569080e+00
1.002646977353735647e+00
1.088002382131093571e+00
1.023195926926642407e+00
1.000628850597685249e+00
1.006387051933895993e+00
1.015413274569991309e+00
1.055347182093873348e+00
