1.061729098574274222e+00
1.072100413618064074e+00
1.089360454852353666e+00
1.022745449825563036e+00
1.081606783497910396e+00
1.088428645083209023e+00
1.021361649549862305e+00
1.017878864338140010e+00
1.011517577602711659e+00
1.028427438001788596e+00
1.087981001444106255e+00
1.070084386654424513e+00
1.047563280785111406e+00
1.011990676319793447e+00
1.087480224675622997e+00
1.048853897076230446e+00
1.024142945041230490e+00
1.094646849126262200e+00
1.079055093643566110e+00
1.069044356861554856e+00
1.008129080740506112e+00
1.025828372914609377e+00
1.007535178820570421e+00
1.000124614710974802e+00
1.008657448800641454e+00
1.075932763089757938e+00
1.087393388330737620e+00
1.017037251846132140e+00
1.090499198309743178e+00
1.048506952013339211e+00
1.022109714190729379e+00
1.051670397317526096e+00
1.026919895753852563e+00
1.089388810793973983e+00
1.071824401524009485e+00
1.031681377869720473e+00
1.089969837980336864e+00
1.056411584488853750e+00
1.007832396671940467e+00
1.000472134998717566e+00
1.045163308742294461e+00
1.033549102487548277e+00
1.081009147686937011e+00
1.058839230358199712e+00
1.097794405283638808e+00
1.047159076679620604e+00
1.090959854044993182e+00
1.072660574030672498e+00
1.082775986142620273e+00
1.019495918763498210e+00
