1.097775552434834490e+00
1.010985559441313741e+00
1.046685902161733850e+00
1.045803494456973626e+00
1.042498892027116542e+00
1.092784731223034322e+00
1.033046785776132515e+00
1.024876386983304410e+00
1.056998226606795876e+00
1.055663220963379612e+00
1.016281288459681909e+00
1.028795036370251159e+00
1.008871705872060431e+00
1.060778905262349081e+00
1.062061222429778962e+00
1.066558973984652603e+00
1.079242486921511146e+00
1.062760542754334514e+00
1.032806308987642918e+00
1.029940113105883182e+00
1.090520938218942026e+00
1.036953874979940293e+00
1.046722956363726142e+00
1.075737133565387360e+00
1.061903085198260488e+00
1.082259074154611866e+00
1.053568775019837700e+00
1.008699551485953805e+00
1.047723203188440033e+00
1.058974449481682178e+00
1.010171987093027246e+00
1.009199015615578787e+00
1.094382705378417420e+00
1.022949986955295154e+00
1.059710619171064128e+00
1.065643895389948304e+00
1.026651358814509418e+00
1.040274628757761333e+00
1.083576286677256029e+00
1.052545495793101971e+00
1.088517574645969210e+00
1.015201456746382735e+00
1.067013402567178693e+00
1.090289348160265348e+00
1.068645167479657543e+00
1.093767276021038404e+00
1.028485341271817122e+00
1.026932051350076591e+00
1.095294053920561783e+00
1.047588316020845900e+00
