1.038346791294825211e+00
1.077686016084997256e+00
1.009626428785267871e+00
1.070977874379023032e+00
1.097431285097311138e+00
1.042468196979653206e+00
1.039005841030412380e+00
1.045211336621788556e+00
1.076377362163718709e+00
1.008131652772407794e+00
1.020706954550236967e+00
1.077829302966577751e+00
1.024259974736864365e+00
1.055629480691443689e+00
1.078023795022330589e+00
1.037545721313984926e+00
1.054579583114580110e+00
1.033883176941243098e+00
1.046641457692743638e+00
1.063640506576690736e+00
1.095711295967502386e+00
1.021753141091886974e+00
1.089193678489529082e+00
1.043041179806808660e+00
1.014775343902905913e+00
1.097295519069836578e+00
1.034993512950082684e+00
1.085994274066744758e+00
1.099191762464062361e+00
1.075545629026608996e+00
1.078829825579925350e+00
1.081278285352621049e+00
1.069578581613927826e+00
1.029056743735988322e+00
1.005208552787394405e+00
1.092160655509079259e+00
1.075181843745680377e+00
1.006732275337469895e+00
1.004892618236203461e+00
1.091256465791732522e+00
1.029658699583416492e+00
1.007136662446355579e+00
1.039241941205191200e+00
1.001897061051257642e+00
1.096013662598846583e+00
1.007487783285691441e+00
1.003282044737444645e+00
1.099504338550795657e+00
1.085357237197627445e+00
1.073657770576752934e+00
