1.011348923123252641e+00
1.046217802409518782e+00
1.093752131410239414e+00
1.031302074518007039e+00
1.014780586159228726e+00
1.060136715842636468e+00
1.064389046396566396e+00
1.082385823033805705e+00
1.097342843329300432e+00
1.066775846180221476e+00
1.066386602997313471e+00
1.083942789529164674e+00
1.007898110329416896e+00
1.031977890373474649e+00
1.072373235255023260e+00
1.004277371546888897e+00
1.093079346261947249e+00
1.042782763570303528e+00
1.008774664705391677e+00
1.040964270532325875e+00
1.040348152611337618e+00
1.086637648195156514e+00
1.069915817592231422e+00
1.092404993956011428e+00
1.015770963758265255e+00
1.012610610537407529e+00
1.079940591481645118e+00
1.073241630082016673e+00
1.085358798891104648e+00
1.010829682557199849e+00
1.099769588321367175e+00
1.057790173741178341e+00
1.069676224277317012e+00
1.005190610828250009e+00
1.051807386692782176e+00
1.028467545347992562e+00
1.030742359877579784e+00
1.023581706423200233e+00
1.004276708601173462e+00
1.003443641062292446e+00
1.046720016945491327e+00
1.048001782182734321e+00
1.047127900005121237e+00
1.044149007201072843e+00
1.039733483473386677e+00
1.019417429840876022e+00
1.053966867903677107e+00
1.007831273871133027e+00
1.035372808544395840e+00
1.095511491262132875e+00
