1.010732024719452005e+00
1.071774739662502363e+00
1.074030203344658707e+00
1.010514964715444108e+00
1.079969011754400743e+00
1.087809411389480285e+00
1.029113681588367246e+00
1.008867855358988264e+00
1.059191962665285036e+00
1.057358463519220360e+00
1.055693309904556898e+00
1.021682438679205385e+00
1.005062257150917571e+00
1.040960666772227095e+00
1.078117904864796195e+00
1.022523004056087315e+00
1.095581409639263981e+00
1.005071531287861974e+00
1.066949857704250881e+00
1.058448506003967893e+00
1.093740714966564997e+00
1.086739272477715623e+00
1.010913868929000925e+00
1.073213671844545525e+00
1.005624138244988863e+00
1.092964330606011503e+00
1.049095545940132990e+00
1.072166318143577657e+00
1.074183052135969874e+00
1.062052578601761832e+00
1.087712101116630636e+00
1.011720577498952833e+00
1.018831012778281142e+00
1.028468360901555689e+00
1.077453825929816755e+00
1.020191653344794780e+00
1.066150791271003540e+00
1.073807514677984631e+00
1.099268719199434585e+00
1.023227323127707811e+00
1.087988426368720507e+00
1.087025471913813712e+00
1.034421276967055325e+00
1.080697587938785453e+00
1.086466145827216900e+00
1.047623589288126045e+00
1.000380272581492980e+00
1.010239384763156778e+00
1.051488986233646283e+00
1.002527710503807290e+00
