1.074110204293758475e+00
1.037852003410273172e+00
1.020893794999664594e+00
1.047253205804488996e+00
1.041124224156812605e+00
1.071191276453039576e+00
1.097316875798978852e+00
1.022380404572719170e+00
1.037092558605100301e+00
1.069078211297295411e+00
1.027162503465466337e+00
1.072396096301599488e+00
1.089301575536282263e+00
1.062584792736735340e+00
1.012873666759293023e+00
1.067789038944146895e+00
1.019338404672554210e+00
1.043085361184028281e+00
1.092225661907782586e+00
1.084861147092807121e+00
1.059932547929020474e+00
1.062294415902599987e+00
1.086604368606856275e+00
1.077133625371067716e+00
1.093642245333128260e+00
1.032601672514465996e+00
1.045581434989968139e+00
1.051002645926123247e+00
1.096077093461538698e+00
1.008966313116807623e+00
1.026265391402555016e+00
1.023834143953735287e+00
1.016889695315547293e+00
1.069080356570752510e+00
1.021731557469953255e+00
1.068063964020223411e+00
1.072188540717942118e+00
1.083032845195009086e+00
1.056011839737329039e+00
1.049280745404316706e+00
1.030913328593854761e+00
1.079637639845411057e+00
1.067714935247762620e+00
1.088341360460994167e+00
1.037155815999613040e+00
1.021977477364049536e+00
1.017933089915527001e+00
1.008017405149673973e+00
1.002857555192509187e+00
1.086083570170717660e+00
