1.047252407345365510e+00
1.043558974852349053e+00
1.074848256477848762e+00
1.065543204093608365e+00
1.094114356324316306e+00
1.060722233484492794e+00
1.025356190558943448e+00
1.023313412474433193e+00
1.055604789050486714e+00
1.087483920877426735e+00
1.078071061021521615e+00
1.023208256198237187e+00
1.034543728310995503e+00
1.090713488386578556e+00
1.013151925616300408e+00
1.078580026154013716e+00
1.086396218744966724e+00
1.026455647045537045e+00
1.078266528131208490e+00
1.063326519864070230e+00
1.033774950508454360e+00
1.007969382428291150e+00
1.091468282598396122e+00
1.039988313800262798e+00
1.050778977105100820e+00
1.059632852493776811e+00
1.067840584667436143e+00
1.032446294068067649e+00
1.012785180686753161e+00
1.036519975304875718e+00
1.084013912778972522e+00
1.077582478812837197e+00
1.040347748483590795e+00
1.010582224536703988e+00
1.042569273399110763e+00
1.040919406045702100e+00
1.062462223135501205e+00
1.004592947308192263e+00
1.095331992457979631e+00
1.041742441647832917e+00
1.080923217567858918e+00
1.096713742123847979e+00
1.031006377917169203e+00
1.057520351326568075e+00
1.003055131469081873e+00
1.000529977140800275e+00
1.043685010890446074e+00
1.035227548106976148e+00
1.007161289525763781e+00
1.050878553572752727e+00
