1.042662051238570697e+00
1.048619397958417077e+00
1.021901720930247670e+00
1.061957387840274158e+00
1.081962490971809521e+00
1.094513893689775363e+00
1.072213253277513934e+00
1.006035273151439702e+00
1.093115434452508028e+00
1.043376154041537607e+00
1.011541168130025259e+00
1.012265122255120442e+00
1.025506077025600371e+00
1.079624010456379457e+00
1.017486042721742256e+00
1.093987362267335950e+00
1.070232986786601614e+00
1.059317150984900868e+00
1.019127013057949060e+00
1.097581034643938969e+00
1.039756863423655586e+00
1.077146742218804798e+00
1.070523967310260893e+00
1.014184514967585438e+00
1.099788667237804773e+00
1.050562030062467622e+00
1.032957032846525403e+00
1.033512887047352669e+00
1.099556564318756369e+00
1.080155036474369279e+00
1.062858645842917227e+00
1.078060818599700932e+00
1.005240147489956604e+00
1.034194175360519274e+00
1.071003535606406265e+00
1.064803207873276980e+00
1.037694908199623178e+00
1.030568849099049666e+00
1.091496634590782389e+00
1.099797194539891443e+00
1.050827471028346949e+00
1.065405929291590725e+00
1.061927992207528870e+00
1.036612739950231399e+00
1.000647074746148446e+00
1.055803185153323609e+00
1.069270327535003950e+00
1.063739569807469421e+00
1.055893629319158755e+00
1.042130222486686408e+00
