1.038190838731791965e+00
1.091060526341434578e+00
1.024373417384201179e+00
1.034966867570456195e+00
1.031461361604789406e+00
1.079171580695835075e+00
1.059235174916079547e+00
1.024845341419555522e+00
1.079755757332244492e+00
1.095786759516862441e+00
1.090608268023283811e+00
1.057856387192989578e+00
1.072423410169311087e+00
1.065054807816499416e+00
1.013888028222892812e+00
1.083848501142833820e+00
1.044150684119170780e+00
1.062457534577567531e+00
1.008977178126279739e+00
1.033225296793161885e+00
1.049811049785377426e+00
1.088507195437925068e+00
1.002575383140944965e+00
1.002565546637047111e+00
1.095149824856689769e+00
1.018364166592293119e+00
1.066964090076994998e+00
1.055109132015423556e+00
1.016357190791960186e+00
1.029140277710359541e+00
1.007912550728764289e+00
1.097603947425582538e+00
1.073873703868244878e+00
1.057486509468177349e+00
1.030261514882370610e+00
1.067160568344075688e+00
1.010795815381658080e+00
1.086418531177435920e+00
1.004214923603564902e+00
1.028013096103413959e+00
1.032501766284084743e+00
1.042011297246087986e+00
1.026317525878549075e+00
1.082761922327241333e+00
1.030602974179137155e+00
1.053255016317162562e+00
1.082672403022073571e+00
1.057465277589060726e+00
1.060643287511698896e+00
1.020775156701063668e+00
