1.064299448686402583e+00
1.071807476184275965e+00
1.013938413722254905e+00
1.091054992099316445e+00
1.076551510146288138e+00
1.044945842287901216e+00
1.097073968142766143e+00
1.003393107389647820e+00
1.047474914944836355e+00
1.085631690927929105e+00
1.025438682122471468e+00
1.070298952232902945e+00
1.076015386137742169e+00
1.014534227528192334e+00
1.068651871033214462e+00
1.047361138339879982e+00
1.034981663633096405e+00
1.012613645480804569e+00
1.042330147367065640e+00
1.086676992329805858e+00
1.016065418515724739e+00
1.092407790949929458e+00
1.064109760292636375e+00
1.089519561923201874e+00
1.055255039152272589e+00
1.060909782359870102e+00
1.037638967270951618e+00
1.062266122617897324e+00
1.000947833984175306e+00
1.037949389639512443e+00
1.015785705665380068e+00
1.098806280894030651e+00
1.038022501853504975e+00
1.058632596450221008e+00
1.024111249899414933e+00
1.011819924316618824e+00
1.036170384194979199e+00
1.035120917429555698e+00
1.080581791340136988e+00
1.027815721770289459e+00
1.025249781772524793e+00
1.088664236817320941e+00
1.061545464305166719e+00
1.023245347849172537e+00
1.076569163400316498e+00
1.039671110922340880e+00
1.087791220780945922e+00
1.059513317216781658e+00
1.070758418635860743e+00
1.094076473201855304e+00
