1.012346117725100525e+00
1.022858624799738214e+00
1.000069967127328763e+00
1.026167705972344635e+00
1.012703404800537887e+00
1.087246110330924553e+00
1.078191246616734267e+00
1.033331205642318951e+00
1.024941090494006835e+00
1.058611066077078666e+00
1.042654733963527480e+00
1.026792022882022870e+00
1.043960989076285761e+00
1.038172716308810584e+00
1.062382235235389549e+00
1.007894505742372271e+00
1.017402742019282380e+00
1.077914601907563830e+00
1.004865055506801941e+00
1.024778682246849648e+00
1.002880832695627111e+00
1.004291602133597694e+00
1.049683173090751653e+00
1.078058671676642266e+00
1.072093907018346837e+00
1.019829676634204985e+00
1.070174600076246207e+00
1.011972373606084830e+00
1.092185260479142217e+00
1.082103727120419689e+00
1.086921163535557344e+00
1.018396691064431980e+00
1.090482590779915384e+00
1.043324858090172169e+00
1.066148372252946341e+00
1.083986777187934347e+00
1.053124857712122830e+00
1.036722966384331368e+00
1.066430988813313663e+00
1.013583482678334757e+00
1.004931456413109991e+00
1.009282146923032197e+00
1.012965689619159670e+00
1.054198316454560302e+00
1.057936497591244196e+00
1.001892206223063519e+00
1.017399821182720210e+00
1.039211958736440344e+00
1.082846188238845819e+00
1.016294281566550106e+00
