1.074131547190121827e+00
1.004901573416856042e+00
1.007424181640933947e+00
1.092881407411705030e+00
1.070393278719090180e+00
1.008846581173900914e+00
1.002462425664853995e+00
1.018143815753580261e+00
1.039528210375769479e+00
1.032375936442806896e+00
1.006873804693448227e+00
1.042735181214948348e+00
1.043543748144783123e+00
1.078714756860498225e+00
1.031690715933672342e+00
1.086305247953810227e+00
1.015002877746616683e+00
1.080143678644414962e+00
1.037839390100891990e+00
1.006241741123207190e+00
1.098454341469447870e+00
1.008405206812085453e+00
1.001976271027698484e+00
1.056779977838219864e+00
1.076152720145760799e+00
1.092395686101184538e+00
1.079925792750431546e+00
1.016269368722424016e+00
1.076534522722592646e+00
1.049995100141037474e+00
1.084342398318543177e+00
1.048918681305059941e+00
1.048382774950188168e+00
1.023707579485172658e+00
1.080782409784407205e+00
1.046247947993706351e+00
1.006443303074609830e+00
1.055928677146796835e+00
1.076748454593846382e+00
1.050849622251242232e+00
1.012212730875054811e+00
1.073836583065890471e+00
1.041417680077505237e+00
1.044840048054642256e+00
1.007414290332442564e+00
1.022735640494362608e+00
1.006678650508810557e+00
1.054092134533870961e+00
1.070427437599464238e+00
1.003000888399531387e+00
