1.026686657617722043e+00
1.098722115867974747e+00
1.084398273923585787e+00
1.001896590205117343e+00
1.034906129012622911e+00
1.016209840624868521e+00
1.053274376709484761e+00
1.019876374606845104e+00
1.012273189862286982e+00
1.006104229842450737e+00
1.072494541280639702e+00
1.032195156116828549e+00
1.006659376244989135e+00
1.063290019927820129e+00
1.057208944503897463e+00
1.053893259056488674e+00
1.028980519327550525e+00
1.060918787542047603e+00
1.040231930907108859e+00
1.096129547852958463e+00
1.085968385311779194e+00
1.012281381369478428e+00
1.056063473005110609e+00
1.020988653826551129e+00
1.026138312612020265e+00
1.095209072384456306e+00
1.047096687080617983e+00
1.040204918919091392e+00
1.075272333533106250e+00
1.083135878478893366e+00
1.091059872682221599e+00
1.029277338009916054e+00
1.095408234313872020e+00
1.097332391636030691e+00
1.084394125393884467e+00
1.085552470917524825e+00
1.062722366308133548e+00
1.042969140292259622e+00
1.015368470509016907e+00
1.017191029478739628e+00
1.026253221934956494e+00
1.024455412901788653e+00
1.072880487947912354e+00
1.024556654150085677e+00
1.054180188502811477e+00
1.041074535118938327e+00
1.024006005989820167e+00
1.024136265790156264e+00
1.025943628383457540e+00
1.089518393288024356e+00
