1.000601828067106069e+00
1.047230489408511156e+00
1.049837189428091788e+00
1.031696643959906456e+00
1.025129175703788809e+00
1.069147788456921822e+00
1.047877151234491766e+00
1.064359276857955727e+00
1.058912798536343791e+00
1.035912298591089797e+00
1.079522611899901063e+00
1.048003714027697875e+00
1.052944553619330481e+00
1.088477015365078682e+00
1.053748756874473225e+00
1.054974910252190590e+00
1.092251363786202134e+00
1.057633981680123902e+00
1.089200611340267244e+00
1.092426236430324993e+00
1.063812506011263093e+00
1.087239401149889151e+00
1.059430784190027230e+00
1.053963152243756918e+00
1.036023278333055186e+00
1.006367604152506257e+00
1.083490725740131611e+00
1.036214170650942235e+00
1.073875576899554485e+00
1.096514304938203788e+00
1.007547575365233650e+00
1.061411712846986877e+00
1.092080681957416699e+00
1.032411389127284362e+00
1.041380135050796074e+00
1.039700000989137507e+00
1.013444555187579477e+00
1.024965440803723871e+00
1.028421915486566363e+00
1.030755164823330405e+00
1.067349573101369353e+00
1.062039321957321647e+00
1.098632490240323945e+00
1.081139246496410466e+00
1.082296812218251025e+00
1.038680845002895703e+00
1.098227978018423645e+00
1.007346530302378529e+00
1.075797290687449337e+00
1.069462742915394893e+00
