1.054015847492957514e+00
1.053158304707802584e+00
1.018965095450071523e+00
1.057956268435863434e+00
1.039050396319883163e+00
1.056286639542902916e+00
1.077029388956731726e+00
1.079559216169935443e+00
1.049130926503878403e+00
1.031157033502620779e+00
1.060297718358971020e+00
1.018339809722755174e+00
1.011426028973109847e+00
1.084746293065798506e+00
1.037743969888135442e+00
1.057702412420732818e+00
1.094117220040029981e+00
1.020555930256838328e+00
1.054667797106546123e+00
1.096758643491655860e+00
1.085991904890467818e+00
1.068878563466769016e+00
1.064700454758066073e+00
1.011246373948635702e+00
1.091985570535640271e+00
1.033707824392761543e+00
1.081862676867727302e+00
1.035473049624135111e+00
1.029833209137714034e+00
1.094263453961392019e+00
1.093950047654835611e+00
1.036865275717031798e+00
1.004718810279513042e+00
1.070818390077702853e+00
1.038811236837895891e+00
1.062377388024126512e+00
1.053246294905101132e+00
1.066976989109948315e+00
1.090313548736122851e+00
1.083386967729139228e+00
1.087324534794089859e+00
1.053734661563085595e+00
1.035344619708137515e+00
1.072769579739952572e+00
1.077385246376946881e+00
1.082806738068918362e+00
1.002628819575281716e+00
1.014436725351754776e+00
1.033044134916081047e+00
1.011035378619804748e+00
