1.095379664764561722e+00
1.094995930088508374e+00
1.016729146829551400e+00
1.095966730009086509e+00
1.044572613679772832e+00
1.007005930298630281e+00
1.019361721017383760e+00
1.035335797053600126e+00
1.018389305504724174e+00
1.027640910268136754e+00
1.092112453580252440e+00
1.019898308381973706e+00
1.058800088792824612e+00
1.092745317524573379e+00
1.040010894722952939e+00
1.020704990065693263e+00
1.049895784428857670e+00
1.086986941540487361e+00
1.016158858546448052e+00
1.056680578465440723e+00
1.035994117602845321e+00
1.027349089249117720e+00
1.064671832931773476e+00
1.041193234521721411e+00
1.030379097823300727e+00
1.017176049937717597e+00
1.052330459254674500e+00
1.085550377568807567e+00
1.014516625961864760e+00
1.061089832765566676e+00
1.010060038180615072e+00
1.008278117452535483e+00
1.057235933107089521e+00
1.057758607448600507e+00
1.001056439802676001e+00
1.003442149021273710e+00
1.037184039820213677e+00
1.079157068270723663e+00
1.048647062664934460e+00
1.036966078584969475e+00
1.085862258887516640e+00
1.086941004582454351e+00
1.059433550706933458e+00
1.058478358472711989e+00
1.083940471794867300e+00
1.054498546394769143e+00
1.045064902512273131e+00
1.006602599250917773e+00
1.031397786532908700e+00
1.046988407031157475e+00
