1.094874542628878622e+00
1.035962046818826865e+00
1.081960242519859339e+00
1.010234694664119859e+00
1.010050817220369490e+00
1.096901433135646586e+00
1.090040955997606975e+00
1.069642866407362503e+00
1.084763428642780969e+00
1.033769670768317051e+00
1.045671971314613424e+00
1.087930333434897534e+00
1.057730456508366501e+00
1.012668779924824625e+00
1.035321077655707134e+00
1.017400973865622893e+00
1.016982771262806562e+00
1.033394143694416956e+00
1.059231315982775090e+00
1.048705231350466338e+00
1.013036859789830491e+00
1.065110554467309623e+00
1.001330460578818249e+00
1.036047833812761887e+00
1.033767461148960454e+00
1.009841122211029729e+00
1.049572331774789147e+00
1.035850914603801520e+00
1.092990164329121772e+00
1.054889853951539891e+00
1.036658532027532997e+00
1.094692671454102317e+00
1.063537246476470077e+00
1.025519889225006143e+00
1.002031771895898427e+00
1.006005363899880489e+00
1.070287387456079431e+00
1.086612260268200014e+00
1.074745277625153150e+00
1.046325570264459381e+00
1.034380656065943205e+00
1.065771051979903294e+00
1.092013436279713368e+00
1.061436312131200932e+00
1.095511070623462535e+00
1.010801090971612970e+00
1.078687946795524377e+00
1.092079728076282841e+00
1.022457149671659460e+00
1.080780820938132214e+00
