1.069684303661864178e+00
1.070286915519466753e+00
1.069202465760987764e+00
1.041096841602330292e+00
1.049472626974651934e+00
1.093928633919135196e+00
1.098097701917969848e+00
1.076535137409761367e+00
1.054489823757400080e+00
1.041024261384189131e+00
1.052495892352758311e+00
1.086052763152241196e+00
1.057125053747778320e+00
1.087200948580792526e+00
1.015516326647899259e+00
1.071126043107090142e+00
1.056951798220981953e+00
1.026401381536354407e+00
1.081295849796682473e+00
1.049081217520770881e+00
1.090631407240036488e+00
1.081279055675198997e+00
1.052687213502182306e+00
1.033817780528881514e+00
1.078372508584120926e+00
1.088059804163206801e+00
1.039940139709910172e+00
1.092001829310978778e+00
1.041770333860467135e+00
1.034310780468162827e+00
1.046738988034307427e+00
1.012952836927357048e+00
1.079835320505755369e+00
1.090418208898261465e+00
1.015665331239920643e+00
1.069322161994172848e+00
1.072313648623460569e+00
1.073875784910962805e+00
1.033912663270440735e+00
1.039736488005824633e+00
1.081496865955858366e+00
1.027543006002330062e+00
1.026509613938823673e+00
1.061593694290951850e+00
1.073278665971257428e+00
1.094327544338706382e+00
1.004332336182244267e+00
1.053950565769873782e+00
1.056229514659297042e+00
1.013778333153571243e+00
