1.041843000876680359e+00
1.094310535755766978e+00
1.012720074980995921e+00
1.075353392562326649e+00
1.036744254712719471e+00
1.033037212078924627e+00
1.029077515719075464e+00
1.061116048665296629e+00
1.011948327400895131e+00
1.009956906383954411e+00
1.019150846887294071e+00
1.067459574173489134e+00
1.033698686551593582e+00
1.036117349660315767e+00
1.001071359431406460e+00
1.097597289789753017e+00
1.099942004408594576e+00
1.042073143607980201e+00
1.003927919943356395e+00
1.048642277945166956e+00
1.095460255537583860e+00
1.079186793370539688e+00
1.078419875660203253e+00
1.039659621570473869e+00
1.059593946700974731e+00
1.087363857699162439e+00
1.074079756334365143e+00
1.052433499352480650e+00
1.025535464626962989e+00
1.075449836554669636e+00
1.012801555202704762e+00
1.017105500545933960e+00
1.022221944459903220e+00
1.031951993588423377e+00
1.015871757333562941e+00
1.039857915294746471e+00
1.035217031058749626e+00
1.004374576472844671e+00
1.027110149285568985e+00
1.032106745337268761e+00
1.014973062153257777e+00
1.034272744057338489e+00
1.069047986258263583e+00
1.000752588558844414e+00
1.060072985670126089e+00
1.042013486242832299e+00
1.087066916351383083e+00
1.042827697777842788e+00
1.083046292277036526e+00
1.033301163615770291e+00
