1.077920799828245846e+00
1.093693834279705568e+00
1.047746280499436411e+00
1.016296453897909124e+00
1.068459337345376348e+00
1.066442022735480721e+00
1.062107808818758992e+00
1.069680081693680229e+00
1.001362176440071972e+00
1.039868658331469797e+00
1.034786677538373167e+00
1.020242474883421124e+00
1.010459524929117059e+00
1.070972433825029269e+00
1.009905325136701615e+00
1.032188600543676893e+00
1.064932671313617796e+00
1.092064779081184600e+00
1.055649640415501800e+00
1.022682809463202558e+00
1.034853447703250273e+00
1.023070696018957504e+00
1.085352544016329635e+00
1.034304902708265583e+00
1.060964506645518002e+00
1.000990113901739642e+00
1.094255977810312253e+00
1.005962916098124271e+00
1.090039774412803641e+00
1.095323691242023667e+00
1.005883397858973849e+00
1.032921141664091991e+00
1.095897498760890709e+00
1.094501562433884745e+00
1.045672670479922850e+00
1.050868980732404756e+00
1.018086937407454151e+00
1.031130643781423828e+00
1.027458041917818532e+00
1.095380215103217258e+00
1.071115653690914549e+00
1.049721495993305886e+00
1.028035667215920768e+00
1.071487375519518892e+00
1.060556523739982104e+00
1.050993607922870998e+00
1.059858083656399330e+00
1.082936998737802803e+00
1.005448933931364364e+00
1.054919077628511781e+00
