1.017401283101895926e+00
1.039326168351676793e+00
1.002118779732518838e+00
1.065981868187515724e+00
1.098428277745590043e+00
1.045055344810000397e+00
1.088198916487953749e+00
1.031159983811712033e+00
1.051224780863684982e+00
1.044895611831241133e+00
1.017284979932461475e+00
1.025167773571032725e+00
1.090734658249461253e+00
1.078067832698682560e+00
1.062362592341244749e+00
1.011547646793770516e+00
1.021731589132300000e+00
1.065029324329559657e+00
1.043789868473638194e+00
1.046527514000644699e+00
1.007628666206920931e+00
1.088419539956279047e+00
1.003257422661733234e+00
1.091739639912570947e+00
1.033674221421016615e+00
1.013456288172925879e+00
1.021548603772507002e+00
1.085024763208735088e+00
1.097274204343763104e+00
1.054700043238295137e+00
1.062945854612514340e+00
1.085654813386599749e+00
1.059272340896243447e+00
1.025432308061327458e+00
1.085909547579986256e+00
1.001653748240301622e+00
1.018845683087207021e+00
1.005071049907727332e+00
1.078080587512451505e+00
1.047791116350164975e+00
1.047738865248184048e+00
1.090066629957322064e+00
1.036636395231071317e+00
1.030180069262147224e+00
1.080034422544328798e+00
1.020978609965153217e+00
1.071788469575608138e+00
1.046432032038671744e+00
1.050924928903818723e+00
1.091399173067957307e+00
