1.031000834220674900e+00
1.039188238284090460e+00
1.065113890616156578e+00
1.093758670467331662e+00
1.075143739608107607e+00
1.010322639586308080e+00
1.025068801000601715e+00
1.076759189412455964e+00
1.075769412466941022e+00
1.030170245884353575e+00
1.000544249622417281e+00
1.052125380663477605e+00
1.042549857577733441e+00
1.087532429091231378e+00
1.097291596495840071e+00
1.012343334428334352e+00
1.009350586865681576e+00
1.046356327387287788e+00
1.051024076420740361e+00
1.000538098607844706e+00
1.063782849820160026e+00
1.056455123923705886e+00
1.008208397930955291e+00
1.090128318589648426e+00
1.084560393993252214e+00
1.015077973925038179e+00
1.029309505484309106e+00
1.047244043189025309e+00
1.051454383117308877e+00
1.031568942904452113e+00
1.013843355610847485e+00
1.067085894164409465e+00
1.074359826092932124e+00
1.095416418562640271e+00
1.049922223016998446e+00
1.030774952578151771e+00
1.034787062128882162e+00
1.056078187144265490e+00
1.074559579802165876e+00
1.029990310250701313e+00
1.050553077735692176e+00
1.068257608655529545e+00
1.062397343804640570e+00
1.032165418516902244e+00
1.008483145573257911e+00
1.022167909206147085e+00
1.035650866942593007e+00
1.011718406514833912e+00
1.065785531480428983e+00
1.086703505923245716e+00
