1.029844799049439485e+00
1.022425286124459820e+00
1.070984749398208757e+00
1.046495091254448173e+00
1.056646112982103647e+00
1.049633216146016013e+00
1.067053349120650196e+00
1.071896776312242450e+00
1.038910089381150703e+00
1.024565266044034972e+00
1.065093523111212637e+00
1.095939786047913866e+00
1.096939136203152865e+00
1.073215788093085710e+00
1.035264050329860464e+00
1.021066042850554245e+00
1.000152804408075857e+00
1.039877002524601135e+00
1.011857981864410450e+00
1.026148376536476281e+00
1.062543060124041538e+00
1.084960236010831469e+00
1.012689869083514660e+00
1.063403437689034448e+00
1.059128773777220145e+00
1.025412030086808590e+00
1.070607038437749292e+00
1.028926270608815363e+00
1.032231828580089328e+00
1.081737055576914575e+00
1.031574197623984057e+00
1.007570366961346497e+00
1.051738579182952105e+00
1.015679445201189912e+00
1.079018714420105107e+00
1.010406856539448617e+00
1.021772485050018497e+00
1.013488581468801941e+00
1.030024816849555824e+00
1.006442563439296389e+00
1.062600548848254833e+00
1.033406616501783226e+00
1.002576214723533088e+00
1.081039323949935405e+00
1.025169158911825251e+00
1.004977834556975314e+00
1.081412036570019053e+00
1.098834119694093392e+00
1.078528239105300379e+00
1.064170490631757726e+00
