1.078086328599249466e+00
1.080318390295993192e+00
1.049783192232575768e+00
1.090402977098509307e+00
1.044508951370884509e+00
1.004658064164789089e+00
1.007195496522666156e+00
1.012454520912200229e+00
1.054254204662407712e+00
1.046879969915565978e+00
1.036362920954565059e+00
1.044300766975802208e+00
1.012787881750759178e+00
1.007057240553228317e+00
1.019786991866743486e+00
1.079677472923980197e+00
1.047743094127430608e+00
1.021999820662247815e+00
1.000103375502249925e+00
1.002215791589013083e+00
1.088582424841854968e+00
1.038704294297559061e+00
1.027759290419630656e+00
1.003734674753409273e+00
1.094698488661605573e+00
1.080349958435366631e+00
1.014312604953505614e+00
1.077632391341898366e+00
1.081895552688111994e+00
1.012679800245694040e+00
1.006466227978296546e+00
1.059887307522725308e+00
1.040653493631450210e+00
1.078372332913256626e+00
1.032120096873867299e+00
1.024078118016625405e+00
1.041635923639035344e+00
1.040020287084440165e+00
1.044821155484988440e+00
1.066728369348354244e+00
1.028976756423049199e+00
1.003079875530100029e+00
1.079550497043780588e+00
1.025056849230128631e+00
1.006021599733246008e+00
1.095850396838629504e+00
1.046992214944844735e+00
1.068725431118413116e+00
1.032311175565681305e+00
1.031063907432127502e+00
