1.012132619572650549e+00
1.098623870972977867e+00
1.025655869795279340e+00
1.029950276835792877e+00
1.010408053304671760e+00
1.036099710116142436e+00
1.051351920239311566e+00
1.086375449073054167e+00
1.073556124229494424e+00
1.058105935997385227e+00
1.003896427300490002e+00
1.088628297900539721e+00
1.078800464270846415e+00
1.064048319033235046e+00
1.075906127343562835e+00
1.094346693782587643e+00
1.095623651744976224e+00
1.045838308809591499e+00
1.067151943763656741e+00
1.053502287729081388e+00
1.071898350580967607e+00
1.078958781712787030e+00
1.066943629408173555e+00
1.010816905790722142e+00
1.089112950090491694e+00
1.058003824326601450e+00
1.074238980268223065e+00
1.099264886443819256e+00
1.030363446820586226e+00
1.094206713793524299e+00
1.062705855649403563e+00
1.081661891479782200e+00
1.093300640234761367e+00
1.066664051748790643e+00
1.032788432875352491e+00
1.081613201451566919e+00
1.043983334056310719e+00
1.045540985613806928e+00
1.070662721953035579e+00
1.050854443704256180e+00
1.051768819274977007e+00
1.032870053462973559e+00
1.072813409805369878e+00
1.087382985617409314e+00
1.092912591625055052e+00
1.016159242002697471e+00
1.019410123396564893e+00
1.000676126065241700e+00
1.048472325117646875e+00
1.097652375138941760e+00
