1.027156638346677919e+00
1.035047884312281896e+00
1.046830977263749851e+00
1.064058497418014726e+00
1.042222039440249937e+00
1.044267616277037458e+00
1.017265401911715106e+00
1.060602215517096880e+00
1.042094967371491654e+00
1.052329859649106192e+00
1.006886648839007803e+00
1.066036973810559285e+00
1.053868092200308304e+00
1.081626473763439789e+00
1.085154698570943488e+00
1.025890226169557939e+00
1.087187534068008388e+00
1.076045763907359731e+00
1.043246093008408870e+00
1.039014566208790402e+00
1.073027308852412265e+00
1.009479793732849240e+00
1.027073546276774385e+00
1.057696678377755273e+00
1.094183598974022287e+00
1.060617031442112168e+00
1.031179103551936205e+00
1.041577734300990210e+00
1.096169809435425080e+00
1.004578074162857382e+00
1.043102585048632625e+00
1.049566024018162125e+00
1.095050508728346639e+00
1.081228257241996893e+00
1.008355047743696220e+00
1.028054253767129111e+00
1.040745038563288816e+00
1.075414084507130497e+00
1.086847331143989681e+00
1.027126561906360758e+00
1.012823861642833556e+00
1.035112190899559081e+00
1.041505533295207009e+00
1.013009600711909597e+00
1.085384636874312747e+00
1.054593422649552359e+00
1.019558424950399500e+00
1.007077271457094358e+00
1.057518634658779044e+00
1.060547673880314123e+00
