1.008070623351466466e+00
1.064362581057853419e+00
1.048718204330167048e+00
1.035803119111320614e+00
1.043430723713907327e+00
1.072584237021615872e+00
1.008416241772370325e+00
1.048176212495991022e+00
1.027475771838165075e+00
1.094316860297700256e+00
1.096045252690196925e+00
1.058801388494590157e+00
1.036975520460995392e+00
1.095970594129295650e+00
1.009035762649939993e+00
1.096421210214806319e+00
1.063240264363195742e+00
1.040988183791864641e+00
1.003182833959525899e+00
1.090821588903392980e+00
1.041143799219141242e+00
1.009880141766257067e+00
1.076809539269666827e+00
1.070933695188095891e+00
1.032597740402334763e+00
1.035736569898939363e+00
1.039947260431347775e+00
1.097364207863529950e+00
1.088326463606261951e+00
1.014046235159632436e+00
1.001205705698344550e+00
1.086075627139442945e+00
1.009051792881706433e+00
1.025603720478841074e+00
1.058902085090529965e+00
1.016833439649529991e+00
1.017452284259272810e+00
1.020986536151116342e+00
1.053242295243517423e+00
1.049710491204663310e+00
1.015976080049657337e+00
1.006473559621366753e+00
1.024526617747570478e+00
1.062695447478516186e+00
1.061559743674094225e+00
1.042129766795430124e+00
1.059267533264830696e+00
1.019225744373128961e+00
1.073205702085987312e+00
1.006343651048210219e+00
