1.082967309819890867e+00
1.000193294326435778e+00
1.070576293679693425e+00
1.053957069915122391e+00
1.053065063410802971e+00
1.021992390292310926e+00
1.034233239380239366e+00
1.033192162096561617e+00
1.071584643164428030e+00
1.092583235725551161e+00
1.059669371475549848e+00
1.005886336811071757e+00
1.053500126257800540e+00
1.046575169627313340e+00
1.097719267178918878e+00
1.066726911933781441e+00
1.045778071507099005e+00
1.058726974758355421e+00
1.076788123192996549e+00
1.017408769989107897e+00
1.064038508038528619e+00
1.021232999641352945e+00
1.039688091439350481e+00
1.083919159051268677e+00
1.078658657740477977e+00
1.035470870346008487e+00
1.075188483918180227e+00
1.054258655956955115e+00
1.073262297251810660e+00
1.013741208930274640e+00
1.054405347994613606e+00
1.074006061430508696e+00
1.046192899760072681e+00
1.009084735916898623e+00
1.017792893761334971e+00
1.028148226555558598e+00
1.070405085181225679e+00
1.076793883218676751e+00
1.072337341181628600e+00
1.020230243440102047e+00
1.055693220226846973e+00
1.012532804807571019e+00
1.050870206293130105e+00
1.056131199321628689e+00
1.025170018656778703e+00
1.042677758670499610e+00
1.013991649913791537e+00
1.013477483725033546e+00
1.014187949861092397e+00
1.068504164857130734e+00
