1.095440796139497186e+00
1.069979948492114863e+00
1.062186218080909184e+00
1.086204132956951840e+00
1.032543962292143291e+00
1.094201699711320419e+00
1.061462130036210372e+00
1.088732581445885028e+00
1.088250723832032252e+00
1.098365183134096812e+00
1.001339398141976256e+00
1.036557681452855650e+00
1.094886639647032922e+00
1.045276441134989520e+00
1.079438576013051376e+00
1.089466222550679930e+00
1.060435429348798975e+00
1.014149750240036729e+00
1.080960854720865560e+00
1.097809001748855096e+00
1.068930241055307206e+00
1.093486591509577943e+00
1.084606876520351815e+00
1.076140629293365292e+00
1.090906929180636364e+00
1.074167889194486580e+00
1.042903319296558218e+00
1.018431711953474927e+00
1.097701536545017342e+00
1.090473372319329171e+00
1.022311047554494090e+00
1.043143768556352935e+00
1.084853184563902451e+00
1.013875630702941733e+00
1.080756155578942224e+00
1.001710586960842919e+00
1.096487686151160990e+00
1.035580507317326315e+00
1.099526529992305379e+00
1.084553866085546048e+00
1.011088122998797134e+00
1.003308547590173960e+00
1.012368743993621756e+00
1.062323156609482178e+00
1.014552798042384296e+00
1.002022667673440059e+00
1.007988245549632955e+00
1.084252157577036746e+00
1.062559079268343032e+00
1.025053413418358206e+00
