1.034052445699588541e+00
1.059380647170991896e+00
1.079351656970692019e+00
1.095665277090914769e+00
1.022930056099192520e+00
1.008607329065355440e+00
1.099205255207020615e+00
1.018572296593760473e+00
1.021097434875038568e+00
1.034359853206498814e+00
1.003177195646250075e+00
1.037502193783036875e+00
1.088541842526644654e+00
1.038120748299660168e+00
1.024923356289577203e+00
1.004430719357449542e+00
1.046472727842121087e+00
1.006111833139503142e+00
1.039807515228529322e+00
1.032654651775152255e+00
1.093950462599478035e+00
1.006884646830686236e+00
1.068763091149645739e+00
1.061425613479160868e+00
1.026465233541045130e+00
1.035188484492147065e+00
1.075871987687731623e+00
1.093169962670267559e+00
1.003362632521576980e+00
1.094805912452920360e+00
1.021363170437201706e+00
1.012598261503661945e+00
1.008689189773338324e+00
1.005339855995924125e+00
1.098356539407742138e+00
1.097373475447396052e+00
1.071592061430269416e+00
1.006893954780640588e+00
1.068374697812102703e+00
1.064924700341049357e+00
1.077587109300692125e+00
1.090427289084418438e+00
1.033781932431472317e+00
1.034844147828114291e+00
1.041876911233739600e+00
1.099846154174916046e+00
1.050402974791246891e+00
1.029912388390448852e+00
1.066730380733001082e+00
1.064469896535424676e+00
