1.027452511327572537e+00
1.099439106238128794e+00
1.020659380675356109e+00
1.065381171490441536e+00
1.082688513159300925e+00
1.059597196187732626e+00
1.092695623539536864e+00
1.063307903892895645e+00
1.042165144362920293e+00
1.097684324043045834e+00
1.051982668804798848e+00
1.051616107010705736e+00
1.048582661183225850e+00
1.024307197604515718e+00
1.005840260178366030e+00
1.020933130386375565e+00
1.090427831091814515e+00
1.054869097081197804e+00
1.025584407673934884e+00
1.039022942817980466e+00
1.048583210640412711e+00
1.098884446662766523e+00
1.022259271472290010e+00
1.076442289898258409e+00
1.019916411299347736e+00
1.048651871564587390e+00
1.056306525813405228e+00
1.030834542672435239e+00
1.034224526064994487e+00
1.006199194358500915e+00
1.010839399344739098e+00
1.086002729541186707e+00
1.097402888738484350e+00
1.079702672818926290e+00
1.035159396530226816e+00
1.017675514112253321e+00
1.061237673881104016e+00
1.088474198508050161e+00
1.010047784538721904e+00
1.073310187876332256e+00
1.049783983423603129e+00
1.007753572417928511e+00
1.010417775559603770e+00
1.069415012563799561e+00
1.084944643071400927e+00
1.039338390853730143e+00
1.021441536510643733e+00
1.081035375112261665e+00
1.076327150086183959e+00
1.004787752171170112e+00
