1.079381436202795586e+00
1.025749391109892716e+00
1.048336304008394615e+00
1.034021953963879525e+00
1.026958816284793574e+00
1.014613216235859650e+00
1.025281944515717969e+00
1.077361283499240097e+00
1.015533704534311354e+00
1.069670463529642568e+00
1.087902698769207088e+00
1.030846854937603307e+00
1.070671595413312360e+00
1.048312773619312299e+00
1.070960983866923399e+00
1.061228988424387065e+00
1.041293315028414268e+00
1.021638981588504969e+00
1.023611553836812904e+00
1.079202390033522807e+00
1.040151799024399581e+00
1.063273896313245315e+00
1.009654059614890631e+00
1.092919977229232620e+00
1.044411052324368816e+00
1.045176961185188436e+00
1.051341146872368348e+00
1.023463632367606291e+00
1.008774692917808968e+00
1.079286761304664166e+00
1.003175343427425537e+00
1.098076504192680991e+00
1.091763854688251101e+00
1.090451702090629693e+00
1.066695836356473581e+00
1.084273827608317031e+00
1.045856668426787150e+00
1.041451665346494915e+00
1.076185912894635832e+00
1.056358886656910911e+00
1.060081702705078843e+00
1.062626451572202146e+00
1.014473837203865525e+00
1.005406502303740623e+00
1.018463951196536765e+00
1.086668795872817839e+00
1.004227200479478110e+00
1.074040068624974253e+00
1.065433591843261585e+00
1.018228964391078906e+00
