1.077724636519220569e+00
1.045908809779692028e+00
1.098782114017009093e+00
1.063062776375651719e+00
1.064215103248151051e+00
1.056753777194490818e+00
1.088909680824342141e+00
1.004004647423971885e+00
1.001076962927129221e+00
1.027272247317199572e+00
1.055589489212746424e+00
1.074486094941996761e+00
1.095240132961021740e+00
1.030399866805612907e+00
1.029204020120048746e+00
1.032505688609596017e+00
1.081650624754073808e+00
1.011568538080030999e+00
1.070553755018642805e+00
1.035352164621867077e+00
1.060815416958102775e+00
1.099288516546125027e+00
1.036577095065527532e+00
1.003745890858093404e+00
1.006828015871028992e+00
1.022606872846094417e+00
1.070928603929039769e+00
1.068023975742836917e+00
1.073465691198262517e+00
1.076968681706164332e+00
1.080773749673895834e+00
1.018283165276702151e+00
1.058390329855311007e+00
1.017446042115045746e+00
1.054416666495607613e+00
1.001291482276509548e+00
1.076294327742280066e+00
1.009278807473957373e+00
1.059900979877361316e+00
1.019469594195835160e+00
1.025861214778142738e+00
1.037211617813150744e+00
1.039381975060840402e+00
1.087266989016812957e+00
1.093454745377998361e+00
1.064774911264134705e+00
1.040665412457431716e+00
1.016191074759024593e+00
1.077980433914033087e+00
1.096111847310397680e+00
