1.013960746765891319e+00
1.080910697372251095e+00
1.037610929277640537e+00
1.043021259622152863e+00
1.094694080188224339e+00
1.033117056750010532e+00
1.017538500287348047e+00
1.068177216662408391e+00
1.009848171826388086e+00
1.085099459461347893e+00
1.045042494831799562e+00
1.027651192683460835e+00
1.014417411948976833e+00
1.019056869480148286e+00
1.079878449806803919e+00
1.064416850574672502e+00
1.055936515254157770e+00
1.008344606348452466e+00
1.027739499462352990e+00
1.080028118442268870e+00
1.062975137189703601e+00
1.000884576181136465e+00
1.005628535807441715e+00
1.053251111835499909e+00
1.081317352194486991e+00
1.029018659805615910e+00
1.048638975324809985e+00
1.077337946393707169e+00
1.005828223767492258e+00
1.062898611723899878e+00
1.028341442718819332e+00
1.041287548410110508e+00
1.014091778174100789e+00
1.010895830804951601e+00
1.025365741585407831e+00
1.036838292471105705e+00
1.074075428724350134e+00
1.097093460745500959e+00
1.022569953962966016e+00
1.054147830270534270e+00
1.016694496511617363e+00
1.088562850570818030e+00
1.075674760939336672e+00
1.012122349181600045e+00
1.036878236975655287e+00
1.031173549867373307e+00
1.055066702949320590e+00
1.024405987723542522e+00
1.006973178785690148e+00
1.049086839645541058e+00
