1.030813299409773620e+00
1.039522629793159458e+00
1.031520375291838265e+00
1.044658450715072906e+00
1.062363835565177661e+00
1.049350397018487424e+00
1.028616670929624055e+00
1.001638171082658957e+00
1.033342026957530191e+00
1.084239917917525053e+00
1.084137854718457694e+00
1.012549493548000390e+00
1.075840574123576365e+00
1.051926479319601704e+00
1.036338708547986043e+00
1.044161187162711224e+00
1.034732066074137702e+00
1.026302614092830856e+00
1.060870792796404061e+00
1.072544077579911770e+00
1.054422227021385217e+00
1.056238654595173410e+00
1.065301186012121315e+00
1.076968966212659140e+00
1.032355939332642469e+00
1.091239061796434928e+00
1.029431008614636545e+00
1.061125588409853160e+00
1.096058163099383087e+00
1.015223518202174491e+00
1.065067138275832104e+00
1.080491361372023729e+00
1.001326725622825320e+00
1.024130135093122007e+00
1.057036848538735585e+00
1.068124188130571417e+00
1.085302493329988183e+00
1.038502012168204480e+00
1.018846473500938155e+00
1.027787372128211807e+00
1.008146371613695136e+00
1.080030704918342188e+00
1.057795525905637302e+00
1.064068002100337473e+00
1.011501970724738353e+00
1.053218024904554850e+00
1.020699814201678102e+00
1.013126713981437943e+00
1.070957249393115651e+00
1.005923511614505106e+00
