1.070485664937127934e+00
1.060299216231507913e+00
1.084173360684007381e+00
1.019109194745001501e+00
1.073795879617817084e+00
1.030020484344204457e+00
1.086294011705464024e+00
1.018522952807467519e+00
1.044400852739501451e+00
1.016691570197491234e+00
1.019268847534775091e+00
1.054240914095709636e+00
1.050165733590036510e+00
1.013560464443012954e+00
1.074720219139364996e+00
1.018786413093035970e+00
1.063939358785466638e+00
1.001817402847814842e+00
1.043846959067829427e+00
1.039483119357251573e+00
1.059628778638481039e+00
1.062128200966252489e+00
1.007131134854552634e+00
1.060806035010495751e+00
1.002666807780711711e+00
1.091810914537924226e+00
1.079295460820612895e+00
1.032565257493576860e+00
1.089660908714614518e+00
1.077177157173293320e+00
1.090213749470760884e+00
1.019815628436263832e+00
1.014145079422773321e+00
1.065689246911249111e+00
1.083875338415276168e+00
1.060634912847023825e+00
1.068104968952769074e+00
1.072442074442857773e+00
1.030282634475424564e+00
1.071972183298781411e+00
1.030460274787014185e+00
1.053324709315317298e+00
1.058533364044656144e+00
1.044732662762690723e+00
1.055307248262870701e+00
1.069169158399847941e+00
1.012506027597136704e+00
1.018429897785353866e+00
1.057087331893092452e+00
1.040397236050662588e+00
