1.004173810972684766e+00
1.016419186006647379e+00
1.043834514551419845e+00
1.084781112453833574e+00
1.005954361242314077e+00
1.024771580885597722e+00
1.043167189901663461e+00
1.099029734921052714e+00
1.007760753789485486e+00
1.050257809038804835e+00
1.084401975879182967e+00
1.057736219748795614e+00
1.091089849187755867e+00
1.015740920839586003e+00
1.033947932377487167e+00
1.006680821162068584e+00
1.097074069712421496e+00
1.046936871933914270e+00
1.070600368533253022e+00
1.074219479319205028e+00
1.069546454097397792e+00
1.067431487893494735e+00
1.051085491196331212e+00
1.060411648891178338e+00
1.088207076092574166e+00
1.040473754010290630e+00
1.014900525164650125e+00
1.068493426217044684e+00
1.026980953009835940e+00
1.048525757447798856e+00
1.018620195977220755e+00
1.059397841243480798e+00
1.071341020848281866e+00
1.001548182628264394e+00
1.087085909383447291e+00
1.071058212776972551e+00
1.001513766026854935e+00
1.095919504758692486e+00
1.069180708073494745e+00
1.090927335987752045e+00
1.054988714570796571e+00
1.081202304092345079e+00
1.029530948061853746e+00
1.079215682701320400e+00
1.012185827884924949e+00
1.043390610103831717e+00
1.063314203228836075e+00
1.001268172821632163e+00
1.030983393562227235e+00
1.039246369016111782e+00
