1.096578257727060857e+00
1.062382085019916822e+00
1.096233546338511111e+00
1.018095191679064371e+00
1.081274765104705882e+00
1.058746789519616982e+00
1.011524478959652917e+00
1.085255188059320641e+00
1.001806440226163497e+00
1.087256179257961808e+00
1.074126688524609907e+00
1.002067213325186223e+00
1.064241620804496913e+00
1.086238883976570424e+00
1.052106268463740113e+00
1.065400481940186106e+00
1.046853039676948205e+00
1.099818977891891425e+00
1.094973658985554987e+00
1.018937582382054119e+00
1.080302556729703323e+00
1.033714032084003254e+00
1.018647258167305170e+00
1.051663818904086556e+00
1.080127878239329320e+00
1.013245502921813923e+00
1.051726566612282587e+00
1.029883776330381862e+00
1.030358558533781110e+00
1.097526028610341875e+00
1.088295745959110938e+00
1.075920443202837751e+00
1.048185291869193181e+00
1.038152741836495085e+00
1.062078731663580022e+00
1.038795870251176590e+00
1.069909107530393477e+00
1.076268309228329612e+00
1.023904066440350702e+00
1.040913018632753761e+00
1.075678292947364945e+00
1.006763650387495934e+00
1.032089849505596346e+00
1.079665816400515954e+00
1.037303200723753260e+00
1.011215688284779590e+00
1.016219108938201998e+00
1.002839105017085952e+00
1.040300494552329091e+00
1.088764087417221971e+00
