1.015982023953375668e+00
1.093598572089767185e+00
1.064737698952947564e+00
1.000387405218923442e+00
1.023759710162397418e+00
1.033954264592528816e+00
1.084130853140788275e+00
1.080867195790601754e+00
1.068353203832409504e+00
1.038398841880085577e+00
1.043230854287447995e+00
1.080889981654225451e+00
1.066570527182015393e+00
1.095004810236408055e+00
1.008332896120571309e+00
1.019600652774101057e+00
1.074816491708566080e+00
1.085109484069626040e+00
1.029927557417539496e+00
1.051264430108513670e+00
1.092729650982583456e+00
1.000939725404536462e+00
1.008119963614007908e+00
1.080548187509080549e+00
1.090256711626574448e+00
1.088448762331514219e+00
1.027720822094084552e+00
1.031067275389988769e+00
1.099891381279965774e+00
1.080375250649091123e+00
1.045214860293036896e+00
1.062187332094360004e+00
1.080170659228161689e+00
1.000441334737264931e+00
1.004267779921297343e+00
1.041921387685404765e+00
1.082226273860343868e+00
1.029897330315089121e+00
1.012052009591918322e+00
1.084847869827625377e+00
1.089668531994766099e+00
1.017223980383727522e+00
1.036850235882263327e+00
1.058869632882823986e+00
1.030171127348888716e+00
1.020259864968556140e+00
1.027074477203437697e+00
1.082629387496707452e+00
1.059564133344814474e+00
1.077845369050963731e+00
