1.035931366426189104e+00
1.073137666480584951e+00
1.082293525730940287e+00
1.014622775887191075e+00
1.076892489832742994e+00
1.041962539871053028e+00
1.001480416934870998e+00
1.013263058587247301e+00
1.020763043194870878e+00
1.048032509967585124e+00
1.026719121228168996e+00
1.063440230583588164e+00
1.068244506226042834e+00
1.038163882825489104e+00
1.067956694790765937e+00
1.040838795790764104e+00
1.079457382803897580e+00
1.064142080961510528e+00
1.058013204949831199e+00
1.045316426310010316e+00
1.063565327384462744e+00
1.075222546576442673e+00
1.040687561882671197e+00
1.030710630145945661e+00
1.023918004340890864e+00
1.081217136618821018e+00
1.067309744946655092e+00
1.020701658871801643e+00
1.034395728513374024e+00
1.042415354719758991e+00
1.071611004998360706e+00
1.046906809461600085e+00
1.072191551804254628e+00
1.070887320382955643e+00
1.029737548448336648e+00
1.067963543602103549e+00
1.086021500704744014e+00
1.043423635151586870e+00
1.068980214067020595e+00
1.053109589025131410e+00
1.004018943371231432e+00
1.066185013818467420e+00
1.077262706340527343e+00
1.055324892012597049e+00
1.090468485799115594e+00
1.098424052658808714e+00
1.082607611953356974e+00
1.011863356524952851e+00
1.053579074651406433e+00
1.017141530997355492e+00
