1.061386838096405993e+00
1.074829989478698122e+00
1.098567632947433870e+00
1.039981715956590946e+00
1.089501434909141864e+00
1.028445575646973476e+00
1.072302306934280747e+00
1.022331932006294686e+00
1.087616246850329427e+00
1.010190090669518259e+00
1.074598906589721459e+00
1.099166915416182055e+00
1.024308569491033660e+00
1.089520548475170880e+00
1.098393769502422845e+00
1.061308032659090239e+00
1.021907400545930544e+00
1.012020127060180297e+00
1.031119879429813535e+00
1.057805102227485694e+00
1.064811012170168159e+00
1.068016867906154355e+00
1.092320421547686493e+00
1.069316929540291783e+00
1.009028078148982432e+00
1.090040446919155359e+00
1.090466126128848856e+00
1.034509334561612315e+00
1.090670153377160778e+00
1.049645967413387782e+00
1.027076001466915356e+00
1.010703574561556017e+00
1.060453261916879830e+00
1.077087907347711537e+00
1.091192594570776775e+00
1.018069975947215156e+00
1.031563870061274812e+00
1.039885718644295132e+00
1.016605266366887195e+00
1.004229058072224623e+00
1.028730794535306359e+00
1.040574567202197986e+00
1.045681853979830711e+00
1.099930199969427536e+00
1.018389725279012392e+00
1.099054999418302536e+00
1.093633216054222146e+00
1.073692831558778371e+00
1.067621403207073660e+00
1.016738894468735666e+00
