1.008216261374056177e+00
1.052667400365751904e+00
1.013871909303864838e+00
1.051304284737328176e+00
1.055414528854091261e+00
1.066262683930194965e+00
1.008294959154885762e+00
1.075167118709261960e+00
1.043111438937244673e+00
1.081451113008728537e+00
1.010833281087755386e+00
1.049917126990576488e+00
1.057850295749233949e+00
1.068370730191355644e+00
1.085602211947541251e+00
1.044820110305623162e+00
1.002714892140136982e+00
1.081327223529211068e+00
1.066361122526311656e+00
1.075353152397275691e+00
1.096851593297647032e+00
1.078356307063023323e+00
1.077601663748066319e+00
1.029326137995807855e+00
1.016447384096424988e+00
1.024390323407457171e+00
1.038499346488923170e+00
1.030214477523184069e+00
1.069700997526105812e+00
1.066887977291262946e+00
1.035008281621268456e+00
1.017713666739469502e+00
1.012362853469449764e+00
1.017127222829434574e+00
1.057993092749935471e+00
1.073832966293621904e+00
1.030006867934990300e+00
1.048061327064104375e+00
1.041788620209963545e+00
1.005895892052130369e+00
1.062416601257737403e+00
1.000307079564600077e+00
1.021302979943659039e+00
1.084421351545128864e+00
1.037318182719811688e+00
1.047368767343108464e+00
1.035582640846574476e+00
1.084278461261480420e+00
1.097073324990906817e+00
1.061833763131280417e+00
