1.064466371432333025e+00
1.089936800416611007e+00
1.033518884937973059e+00
1.085285908627471319e+00
1.098805626563241100e+00
1.097020190057115707e+00
1.057076144931944572e+00
1.015876283207749919e+00
1.002588784807691091e+00
1.023637856992262840e+00
1.024220013399941731e+00
1.006083904573811472e+00
1.011465127434153288e+00
1.084814940633100022e+00
1.084190649245388105e+00
1.054047342752016947e+00
1.016294445367261323e+00
1.092401347131366940e+00
1.063281167723175269e+00
1.041480122395384234e+00
1.058973840197636518e+00
1.079777743491905362e+00
1.012333586370529392e+00
1.027318931994136708e+00
1.049264568047559631e+00
1.082855537609041852e+00
1.045554422944875217e+00
1.011130538633251197e+00
1.034817766068583778e+00
1.026883531757614820e+00
1.099137721284853875e+00
1.045583213738785489e+00
1.086500685793613474e+00
1.015722712873736056e+00
1.000612281671474424e+00
1.067484642052834332e+00
1.085107882303809390e+00
1.008503336897288660e+00
1.091527632081425558e+00
1.021094379311316747e+00
1.013900914935209396e+00
1.098942966618412065e+00
1.062659668790981948e+00
1.056859923195480722e+00
1.010454789241685747e+00
1.054152034049211872e+00
1.051657242594597808e+00
1.053781642641533622e+00
1.034276757779387879e+00
1.061801704492111087e+00
