1.015343635893794394e+00
1.009601754616940461e+00
1.095116944371613332e+00
1.099042587295432805e+00
1.039733764903113533e+00
1.064716925670664116e+00
1.063249687183709602e+00
1.058583566308099355e+00
1.026868433221699295e+00
1.012367000406958706e+00
1.060845927257846988e+00
1.087567019309460425e+00
1.020507429282399237e+00
1.068178357319406135e+00
1.061086408715910423e+00
1.097645649185709615e+00
1.016210139484891695e+00
1.092691851787157553e+00
1.069403654102662582e+00
1.042398885698390565e+00
1.095903280131652391e+00
1.062701984862185478e+00
1.035021591060357293e+00
1.037868017955866140e+00
1.000020772321612350e+00
1.074367360938728977e+00
1.003573766936886491e+00
1.070740226010290730e+00
1.002568243852245411e+00
1.048503117902861437e+00
1.093445296228398478e+00
1.005889929973072361e+00
1.061600211545819850e+00
1.094883888300347330e+00
1.032385972030169574e+00
1.063909720484623955e+00
1.021124159576658919e+00
1.023077854773646322e+00
1.091756342491817744e+00
1.004154867119061878e+00
1.053743999226351757e+00
1.029972470496475667e+00
1.091332710247289395e+00
1.077995016244096105e+00
1.050479645899635273e+00
1.049639664392911786e+00
1.039331019831298608e+00
1.079762859618048187e+00
1.082661030684926917e+00
1.099580624151848207e+00
