1.009117689550340424e+00
1.014065091602720958e+00
1.053610530547765656e+00
1.087218998021870942e+00
1.054507590880432444e+00
1.029633614898647576e+00
1.021980747026275171e+00
1.089629505482826000e+00
1.036795446522461583e+00
1.005092662266911407e+00
1.029053313266721448e+00
1.066429287144398108e+00
1.050920078699264737e+00
1.033272214179713044e+00
1.023513019534171731e+00
1.039281002562706169e+00
1.003209612756535751e+00
1.000833586035981382e+00
1.016129209281771528e+00
1.007712830726999798e+00
1.033412478675776569e+00
1.049336993089545311e+00
1.085666731216695213e+00
1.054399273934506054e+00
1.094264139085745047e+00
1.042463817508346713e+00
1.062742870732887424e+00
1.009331296808444023e+00
1.059592042732622197e+00
1.061702896313438726e+00
1.049254533077803586e+00
1.051032184856583118e+00
1.048314940693069630e+00
1.059495959839073187e+00
1.008511613999657497e+00
1.052861784657302513e+00
1.098378310272208225e+00
1.057880372951899073e+00
1.001544085231593328e+00
1.018924781912682320e+00
1.098507506700208802e+00
1.091510551995261480e+00
1.085821399250997965e+00
1.067777991183601838e+00
1.049566887578166741e+00
1.055996762756577834e+00
1.064914200789661036e+00
1.000033264614777595e+00
1.011966347010503808e+00
1.067770760467108948e+00
