1.063339799431010979e+00
1.077897840517510364e+00
1.077502743352975356e+00
1.061634261095113496e+00
1.032134975023557111e+00
1.089659760029253466e+00
1.022771113335993354e+00
1.066865322308859998e+00
1.057048958874811095e+00
1.035489226079118419e+00
1.099464045831872294e+00
1.083581609762044318e+00
1.014888807157772188e+00
1.014031431073246559e+00
1.045260363235944734e+00
1.025568197176599083e+00
1.074682636784222156e+00
1.013312037939754440e+00
1.003086211213208845e+00
1.050893242911330017e+00
1.089670197950655117e+00
1.010632473548536803e+00
1.058063806986671684e+00
1.011145465191286341e+00
1.051304785296061306e+00
1.063919160467985847e+00
1.042253489723535820e+00
1.060745183206468045e+00
1.015403748830120412e+00
1.030654486433207895e+00
1.075143252835655927e+00
1.012416795156685145e+00
1.054760415093239256e+00
1.032959804226612821e+00
1.083540775996951089e+00
1.065193590749354824e+00
1.083800699228753217e+00
1.008520027856475654e+00
1.036291344360611211e+00
1.051018286648267797e+00
1.027587498841186608e+00
1.066497841226600629e+00
1.018052704220830273e+00
1.048599774117380257e+00
1.059036726478611579e+00
1.039923751663151208e+00
1.048130750216597296e+00
1.077639846780444222e+00
1.079508955758972766e+00
1.084921675847432709e+00
