1.060217670807742429e+00
1.060386164097790296e+00
1.088474276569255439e+00
1.074616769780306624e+00
1.086042082839461687e+00
1.047689157982666375e+00
1.090035279809554725e+00
1.040969809435769333e+00
1.066564912875704207e+00
1.009138034754516244e+00
1.045274028669153754e+00
1.020947464592998344e+00
1.023482541293702974e+00
1.081423759229770631e+00
1.085428272319358678e+00
1.020817967406840499e+00
1.024544050831823760e+00
1.056744304560408798e+00
1.071841122526910217e+00
1.069238870495375693e+00
1.090958978699106963e+00
1.009783161144252039e+00
1.057115818052483558e+00
1.085328950926177427e+00
1.071232365757123217e+00
1.057325070333480888e+00
1.093117689115496116e+00
1.000198231892742040e+00
1.032534612661737849e+00
1.096523929123576879e+00
1.038982563940454407e+00
1.083406301843343966e+00
1.046775725347701025e+00
1.001704676160962704e+00
1.093542153807349315e+00
1.054220169163940346e+00
1.045173668902023678e+00
1.047424683795862732e+00
1.062471954767933546e+00
1.018360155800029698e+00
1.093057816818032935e+00
1.067429317855600690e+00
1.045620014551681187e+00
1.068922065217844830e+00
1.017704102865217619e+00
1.027041964989567679e+00
1.080686078074186485e+00
1.059392816842846141e+00
1.072656770147266458e+00
1.019493616783688106e+00
