1.020799561665932220e+00
1.063206255993614624e+00
1.029147439492731575e+00
1.005282380223048166e+00
1.061707779776928318e+00
1.063385456657985673e+00
1.069397371775518746e+00
1.073113349666623417e+00
1.067080529505982645e+00
1.091866018904536162e+00
1.033881187595403928e+00
1.068014043763781729e+00
1.036130204668844756e+00
1.048108868777176905e+00
1.082059056263070085e+00
1.074333711688745918e+00
1.043601466929963140e+00
1.015034971599844571e+00
1.088496833426372934e+00
1.060730259227139261e+00
1.062871929935552906e+00
1.058455643289943682e+00
1.017025075021621427e+00
1.053327425248640203e+00
1.042015996828404623e+00
1.092982658972166066e+00
1.034332454244175636e+00
1.065679008367284908e+00
1.030459440069953159e+00
1.024459368398283665e+00
1.065248981463168265e+00
1.010520199899324512e+00
1.057411772912628223e+00
1.005466783081021775e+00
1.089028123932477721e+00
1.074236168830692284e+00
1.033295803004380398e+00
1.087075592653502731e+00
1.072926594359530972e+00
1.057782814428669171e+00
1.017040466792333619e+00
1.012118481102103562e+00
1.098954784962930642e+00
1.084334626288935954e+00
1.066486981661342925e+00
1.033021525818671016e+00
1.058891150060762065e+00
1.030603382757779185e+00
1.055349384571810045e+00
1.089678107398432072e+00
