1.067867624395366422e+00
1.030076486091188404e+00
1.059106594713173033e+00
1.060955137469431930e+00
1.010185260799468132e+00
1.032641348693478900e+00
1.036035661318560841e+00
1.076852714571548297e+00
1.053743987267544480e+00
1.058443697623827617e+00
1.091298896230428639e+00
1.089239081275651166e+00
1.065035068117529349e+00
1.026697757169885428e+00
1.066333547875588650e+00
1.090804276106219106e+00
1.081469685992728635e+00
1.038937476325167530e+00
1.089828680153484441e+00
1.077976195875109511e+00
1.001319013195857144e+00
1.027833705007745069e+00
1.042301810143728025e+00
1.049996733520765613e+00
1.026718722538925821e+00
1.073110059938087835e+00
1.056176666910576767e+00
1.083603364450420159e+00
1.084255055157008263e+00
1.060812421096861691e+00
1.081134527205156459e+00
1.054197347484220115e+00
1.053888353807269418e+00
1.096073025631825626e+00
1.068102896017471881e+00
1.012592054889761783e+00
1.068396865075058599e+00
1.057499273671148821e+00
1.032837361023869027e+00
1.036183230735303384e+00
1.008891905618900964e+00
1.022418721781385598e+00
1.017564638802569421e+00
1.095936588486885910e+00
1.099346210091761922e+00
1.047708451717570988e+00
1.001437534540539298e+00
1.025824275785913953e+00
1.029025524324265417e+00
1.020949579522432815e+00
