1.042646642036209714e+00
1.050326778442426834e+00
1.045116163571355061e+00
1.065697322146844428e+00
1.006101277078700562e+00
1.016794313069790290e+00
1.094839907326813133e+00
1.033829137114132601e+00
1.003523244412806381e+00
1.051209915091450897e+00
1.034423889052876966e+00
1.050908313928335724e+00
1.089573125907758122e+00
1.008946361321640950e+00
1.049529972951088297e+00
1.071848189772308446e+00
1.067077967808800265e+00
1.078744469536321970e+00
1.037805046868053971e+00
1.035964286830465486e+00
1.069904094568085329e+00
1.042831751626429160e+00
1.071659780977415100e+00
1.085477967131970312e+00
1.003071501566093815e+00
1.013151884834030403e+00
1.039264020487748574e+00
1.002265104745742930e+00
1.056029844535488094e+00
1.090666748280473941e+00
1.056265712440858540e+00
1.035604025430185926e+00
1.030339751493890121e+00
1.013453832039133973e+00
1.082609764570289901e+00
1.072246373383497042e+00
1.090547027948302938e+00
1.048140700044264406e+00
1.064210845322230092e+00
1.094135842245131940e+00
1.085367097460776087e+00
1.003978424712978157e+00
1.004153186183271096e+00
1.036358687415375623e+00
1.063064397367375236e+00
1.060670972126044553e+00
1.053601002261845831e+00
1.072403387630896265e+00
1.042220702904533391e+00
1.059907126401512079e+00
