1.038199133535852026e+00
1.018529671393115565e+00
1.067182129096523768e+00
1.030467524545468416e+00
1.083351794490844622e+00
1.078384387695003888e+00
1.023387393338433204e+00
1.088892799728986338e+00
1.009089448508571740e+00
1.005991296326677276e+00
1.093316678192822966e+00
1.066587250531584319e+00
1.079301100664892710e+00
1.008522562866121408e+00
1.069303001518274288e+00
1.056215631998993265e+00
1.057532519689516226e+00
1.088265057750506415e+00
1.043185855919017024e+00
1.084137582603284633e+00
1.072709700689020274e+00
1.030466647476389719e+00
1.041555150538157060e+00
1.044547560709591538e+00
1.031151531187734172e+00
1.097814191852145349e+00
1.088718719101321453e+00
1.045863661160676195e+00
1.057797562910395728e+00
1.099521598590213589e+00
1.060642495871556124e+00
1.019092640108087977e+00
1.096761390176802964e+00
1.011669342078345357e+00
1.079071693190210235e+00
1.048492422306554595e+00
1.037930377677590332e+00
1.033999318035586201e+00
1.082528743899801471e+00
1.037679217737838888e+00
1.024133621358414015e+00
1.033023332816228379e+00
1.062840095758059267e+00
1.006360982640799540e+00
1.029086406487184080e+00
1.088202468627458064e+00
1.095821823743439172e+00
1.091311441465063092e+00
1.034829704132456563e+00
1.085803544625408401e+00
