1.085121255643065163e+00
1.081684910750752016e+00
1.071700712264086031e+00
1.027581263328223526e+00
1.020954095782196092e+00
1.032738961861962235e+00
1.027664035082166638e+00
1.023273763811596515e+00
1.017732476189459723e+00
1.057956614983977639e+00
1.015687213623090557e+00
1.084509363398737269e+00
1.000309043370096740e+00
1.013710884250986766e+00
1.096355447227790991e+00
1.006454020995554810e+00
1.020530636364805233e+00
1.020201149749492053e+00
1.006644508876692878e+00
1.066884371138809628e+00
1.043272874436451669e+00
1.079347751881824635e+00
1.038365314182131627e+00
1.057696539201237629e+00
1.050826274173974673e+00
1.017147103531860441e+00
1.023000532024254783e+00
1.028079115458103709e+00
1.011578575910601963e+00
1.000120267945114882e+00
1.004428707610921068e+00
1.046979488875349196e+00
1.015163198019674473e+00
1.066020665960313529e+00
1.037068302331532132e+00
1.090251187263183930e+00
1.009726795865364846e+00
1.076773033204118546e+00
1.059408316724139265e+00
1.026885460054518973e+00
1.046138513920362723e+00
1.021038986054775499e+00
1.012757236327731514e+00
1.017470435974475063e+00
1.096777039824601507e+00
1.087374450411732862e+00
1.078154521895155371e+00
1.084330234184283315e+00
1.094901693964541511e+00
1.058302194000267704e+00
