1.098503314114256613e+00
1.067169826209519723e+00
1.050025860107218101e+00
1.003496214489446148e+00
1.037520157937847021e+00
1.097418113659541783e+00
1.007702033149664222e+00
1.071881187789916368e+00
1.021853751154552459e+00
1.067639841933266220e+00
1.002794566019154399e+00
1.007803437870721686e+00
1.071127550638465653e+00
1.071402398107772491e+00
1.084786765632578254e+00
1.064715116234940862e+00
1.057022180420225999e+00
1.092325143517475672e+00
1.034525015091858569e+00
1.078811470191810784e+00
1.061624273125393980e+00
1.094738728735165090e+00
1.043753211356585719e+00
1.037344505850649856e+00
1.033435799907665320e+00
1.075084748614310248e+00
1.088754294506268039e+00
1.033051833736734482e+00
1.080158347105467653e+00
1.056628197672297098e+00
1.047410147291245597e+00
1.005890740950821316e+00
1.009648945545261745e+00
1.001545135686706667e+00
1.020831818512979439e+00
1.042129463582499360e+00
1.058886738589219112e+00
1.026956032587107215e+00
1.003710049245545965e+00
1.093255275893373124e+00
1.015693289059118154e+00
1.021899401097217774e+00
1.077878243586022577e+00
1.095034459978786678e+00
1.039736505939711231e+00
1.069131420444080494e+00
1.090264582053667830e+00
1.094218718639569543e+00
1.058251291974465325e+00
1.077225404326668912e+00
