1.097363914892947490e+00
1.094650255614441292e+00
1.034025768815577395e+00
1.087389746135610347e+00
1.064349735791564555e+00
1.057690453422329036e+00
1.003157576899626813e+00
1.070424897495893424e+00
1.022892311267649790e+00
1.054366964227165360e+00
1.039118897156898536e+00
1.075998966153443925e+00
1.004815788960822243e+00
1.093435379455945267e+00
1.080099513166894232e+00
1.037553018015321182e+00
1.000185093957555393e+00
1.038756549046202515e+00
1.051973657327642364e+00
1.075281412524831781e+00
1.083006595181681186e+00
1.010830123895672061e+00
1.088133035485145728e+00
1.062627672287406400e+00
1.087817873065747731e+00
1.077552003749687959e+00
1.047639737657564130e+00
1.085568473182113358e+00
1.062202791232230048e+00
1.031016732167081784e+00
1.075591216151710716e+00
1.056817636477745292e+00
1.090130928620443029e+00
1.020256354072443195e+00
1.048720664565024219e+00
1.073416746061772065e+00
1.089029701631047287e+00
1.014680479269239877e+00
1.081317328217248797e+00
1.010743018787787051e+00
1.065673718012155158e+00
1.041160105980314610e+00
1.073665292281703820e+00
1.031742374413701535e+00
1.035527686981934758e+00
1.013062035157063168e+00
1.063318876109377475e+00
1.010100717952268523e+00
1.045971863772763522e+00
1.011627510251951412e+00
