6.204773151554471289e-02
-1.116355824307153216e-03
5.790444767725758113e-02
2.130253849243457162e-02
1.566893933518469575e-02
3.968122472440885340e-02
6.840607776842017040e-02
8.941010736739457565e-02
6.116282605098499747e-02
-5.742909711068446346e-03
3.480506581289302681e-02
1.342980703681540336e-02
4.089257893303067937e-02
6.025278658676150312e-02
9.241410390756857329e-02
4.466022739947532461e-02
3.618580932028726826e-02
6.676120680256975026e-02
6.436058116637903559e-02
7.128230643598806870e-02
8.704495998670695733e-02
7.516878232442240904e-02
7.942908813259995371e-02
1.026246217547022860e-02
8.935447980537773727e-02
-1.195734671938498972e-02
9.606022385988126355e-02
7.245464605240409250e-02
8.538118581590990741e-02
9.353155511019878299e-02
3.444383610146412034e-02
1.054125127818181240e-02
9.106086112454149506e-02
7.461298944715147319e-02
-1.646879271023241748e-02
7.142192941890807001e-02
7.358256975979134140e-02
6.888956656372244303e-02
8.875689681289136712e-02
-5.669712676732640774e-03
9.301154575142790704e-02
8.963211120386987280e-03
4.388198379519922532e-02
7.520720982225979900e-02
-1.626977460458665231e-02
4.568341449760600359e-03
2.755816848829549179e-02
1.814938995913857253e-02
9.875307083365270078e-02
8.149427120697014248e-02
