7.740084754940969314e-02
5.554021459050637044e-02
2.023322079803421825e-03
-9.053001695306754637e-04
5.383193554680146264e-02
5.368378235199813830e-02
7.119178907551941549e-02
-1.247357897789930226e-03
5.611664280378843295e-02
1.593354225945229491e-03
5.821030203668207947e-02
-7.734810061776101545e-03
-1.486367951143759830e-02
7.761556311989990797e-02
1.845825288526191030e-02
7.766604675883273523e-02
3.162097570483467235e-02
1.882559999785225757e-03
6.819901050537238718e-02
4.117231290694187140e-02
4.820682792039689135e-02
6.114861970473163544e-02
6.619112965921908343e-02
4.968800325622606262e-02
7.161985100199691479e-02
5.965388793477272023e-02
4.515926350364897479e-02
-1.218139087592248412e-02
3.135849476650243162e-02
8.176406428685627226e-02
2.005807781637012135e-02
9.121525448907345790e-02
4.343735251937654029e-02
3.738234280854790814e-06
5.165549375857279857e-02
-2.379435002730849458e-03
3.938841581563293226e-02
4.828797051482545954e-02
8.511388171845879480e-03
9.643455202369106971e-02
7.292199005817866231e-02
-6.668884974766723858e-03
5.842496909831582097e-02
9.183898021390048128e-02
4.476490473967287276e-02
9.309091961331009135e-02
5.236464356439109180e-02
7.624598133168682124e-02
2.413602908011933806e-03
8.877632458302155138e-02
