2.239098076653441363e-02
-3.725954005060864993e-04
7.943246488730305865e-02
-1.755125502313271621e-02
6.239554287687552880e-02
6.932500995217927287e-02
-1.049236310434200140e-02
6.462401731057092896e-03
7.614849083113334194e-02
3.092430267593391721e-02
1.321357150626788560e-02
1.039155978351169810e-02
-6.357762289200751329e-03
9.149076190915753082e-02
3.304745804380289365e-02
8.292904652542027605e-03
3.439482546066027768e-02
1.231643417145000460e-02
9.393416344863619871e-02
-1.745676526548479643e-02
3.585228342272335500e-02
5.883334640042188479e-02
5.635003213441272529e-02
2.181740166890051499e-02
5.853199174547518702e-02
8.743967395459839587e-02
-4.893768942673725267e-03
5.773943734357586677e-02
-1.312719362071125551e-02
1.886306008840496137e-02
3.498968339098670888e-02
7.524847000187691315e-02
8.713908493183458726e-02
-1.449301896338254375e-02
6.332651650624600281e-02
4.759949995885139062e-02
2.496102787037330142e-02
3.974441082981826356e-02
-1.427219939354457470e-02
-5.348935949725523026e-03
7.768667284728184019e-02
3.347996370923383980e-02
3.133141161445524014e-02
3.505422527076521022e-02
9.230559983352402270e-03
3.797743890214835827e-02
7.510940817133020253e-02
5.520883172392000715e-02
7.669913020234586654e-02
2.557641355872953756e-02
