5.978913218253424644e-02
3.216618590362683300e-03
9.679516241652752484e-02
7.503218009099846264e-02
-1.500148163933407927e-02
6.633705328080040375e-02
4.592465663602036952e-02
2.094397357129121687e-02
6.952035239477674655e-02
3.289900633744133329e-02
6.731672778346152464e-02
-1.471399202624083628e-02
5.772797647845218094e-02
2.930596110309057964e-02
1.800200579718970115e-02
1.978583421478971247e-02
-7.590408410923461802e-03
1.787915545915993998e-03
1.966706673974789529e-02
2.424401855875379583e-02
3.716762099995721269e-02
6.423978573316738161e-04
4.611040830000805169e-02
9.609281381585881715e-03
9.766659296707898286e-02
-2.290782518934334627e-03
4.891277137301222599e-02
1.026157017211664843e-02
5.635238566020804585e-02
-1.285970309356915947e-02
9.722798847928600108e-03
4.597217368814429661e-02
9.390794915526862185e-02
5.209713169230942298e-02
1.172896589326124020e-02
9.632888764257599434e-02
5.386343547802863868e-03
3.515866821263240183e-02
8.394320682325792649e-02
7.337226067146587760e-02
6.308795670414538148e-02
7.831339297057397786e-02
5.896248597890625665e-02
4.452206061853045127e-02
6.195733762371614939e-02
7.354376947654277241e-03
3.382421389894387648e-03
5.285065408103213624e-02
-1.844677013414474862e-02
2.340397309202789031e-02
