6.520199469168501405e-02
6.724137460034716740e-03
9.790115472945403602e-03
-6.490701735022752494e-03
9.515323012435780714e-03
5.753780636438585172e-02
4.876472026591949227e-02
2.391254517410630262e-02
7.553890671638745224e-02
-1.525155604167098382e-02
-1.757007354471635738e-02
5.467344445659418073e-02
7.002810723166073836e-02
7.941481815569971514e-02
8.060217506366651463e-02
9.588837805606854892e-02
5.795936047825610282e-02
8.566763868707814866e-02
2.960252776467975008e-02
9.106659900313773814e-02
1.061453923057685891e-02
1.148027408742737995e-02
6.971708214729398223e-02
5.434342029512791161e-02
7.411966468102069994e-03
1.718815120324941256e-02
3.263104623239912461e-02
2.658447417498310469e-02
6.826727948835696613e-02
4.123556136455115706e-02
3.451793409888707920e-02
2.154304438626130844e-02
9.504855991036875729e-02
-3.045205000667357276e-03
6.508611335489984662e-02
-6.034461997360440408e-03
1.717521895279277080e-02
-1.212870386255440226e-02
2.728055700283163812e-02
-1.502447054179118641e-02
2.901212044823618316e-02
2.518827601398197433e-02
-1.162987595621883634e-02
-9.279365018670623563e-03
8.603157195096741705e-02
4.611290937140317958e-02
1.212293739705405313e-02
7.465837417698603651e-02
2.886745274612783491e-03
-8.327984686945221274e-03
