1.621977209215264351e-02
1.146538180997112508e-02
-4.746205723891002565e-03
-1.409607929614936292e-02
6.139080033336601072e-02
4.088598462109226117e-02
3.530586692822380857e-02
7.857471293196195694e-02
4.330367165780540928e-02
7.322698714665810960e-02
7.961588687130155551e-02
9.750723119029379438e-03
4.334438788563999001e-02
-7.950225918397757149e-03
8.469023343387538372e-02
4.995285773141210084e-02
-4.952477103729521768e-05
8.033113468671895796e-02
3.460060435150677516e-02
3.931655754326322805e-02
-1.736045219395691841e-02
5.742443278810532847e-02
2.218268719946115894e-02
7.325071149790408909e-02
6.965931529061437921e-02
5.002660179386123063e-03
1.926521781877741854e-02
3.462884005125115017e-03
4.205209541062915335e-02
4.381109065214122689e-02
-8.455444015967884461e-03
1.495614004754652546e-02
1.682359549399786366e-02
5.003803811928111966e-02
5.751173948885220100e-02
6.172753840716357909e-02
9.062431445633642446e-02
-9.329449490105464968e-03
2.929670721135759284e-02
8.254272947965445029e-02
1.928741739621369841e-02
5.165414447206868875e-03
8.466166987871109884e-02
2.212326046785857009e-03
6.163858612244982327e-02
4.937020140245114430e-02
7.257334577338571402e-02
-8.593490607513371710e-03
6.858729462447403502e-02
1.901522469749536079e-02
