6.552853801225626273e-02
9.321968018623753849e-02
6.321694827203741540e-02
-8.299119083554367185e-03
1.197964853483400247e-02
9.182283425568037172e-02
6.699416580885682315e-02
5.458798107701456209e-03
2.001616977856859533e-02
-1.020388385525643031e-02
5.886273027264951607e-02
5.704478335756943408e-02
-2.179658062422658305e-03
4.167496633955183188e-03
-1.590446492935390643e-02
-1.316126645773620790e-02
7.965953537418261898e-02
2.432545664573068298e-02
3.003840157468526048e-02
6.377854992071400886e-02
3.828874529852274722e-02
6.158331728582872033e-02
1.651099070320316206e-02
8.988602631486025674e-02
4.352796382070479864e-02
2.530735027784714389e-02
8.509151025324741824e-02
2.976639203317793178e-02
6.122183687793301965e-02
4.591790539481013789e-03
6.991507333485579012e-02
7.579762187070726576e-02
2.500425030075373312e-04
5.391042271444271283e-02
6.299619649196397386e-03
8.612163457782799625e-02
7.470552872729230298e-02
4.157097105663735970e-02
6.497199242588287682e-02
5.686745428851948392e-02
-1.059599239483575116e-02
9.752774189893887585e-03
4.038157088671043282e-02
4.690898509009612527e-02
6.383931126779093801e-02
1.291768889100492965e-02
6.796018360413501325e-02
4.463016806284435256e-02
4.184282087511990988e-02
1.184942561082207371e-02
