6.539477512346163202e-02
5.799466378859462201e-02
-1.678461398906766142e-02
4.352372510025162566e-02
3.749760404193888674e-02
4.792572004437162247e-02
5.952413750812753090e-02
2.957047903378820508e-03
2.210703484015021439e-02
6.899022798506987408e-02
4.521821118084880242e-02
4.850677324732059759e-02
5.746918851495377845e-02
3.961751849548385274e-02
2.347526772669961473e-02
1.601357011776998254e-02
1.838727369359626981e-02
-1.377219901536519409e-02
4.314128442120232498e-02
3.806708345208177635e-02
-1.522591258626485033e-02
6.788929780015406923e-02
9.187747693279209316e-02
2.491543704004027179e-02
-8.600218948844816705e-03
7.908720777678154845e-02
4.609309587994796231e-02
-1.604849764868837569e-02
3.700548387004884421e-02
-1.052283196860525315e-02
4.191755500874606855e-02
5.887580808686085354e-02
6.396921238612425509e-02
5.077060637892308326e-02
-1.742168443823054191e-02
-1.977902033447810626e-02
5.900729584295791308e-02
1.138027855602084457e-02
1.697650081306075961e-02
-6.782855991721055064e-03
7.989283428061660919e-02
2.579075061432101537e-02
-8.809833979973001605e-04
6.252011897617537617e-02
3.085236586513341248e-02
1.721097286251089056e-02
-1.012232114125944694e-02
1.819858842857339024e-02
2.492600177704480321e-02
8.656732530141354742e-02
