9.713384433235139337e-02
4.066569660294414024e-02
4.176200194407957145e-02
3.234905334142812450e-02
8.107599452690444908e-02
5.901638534521691515e-03
7.061017331550480114e-02
1.332004853625447585e-02
6.896584076237005645e-02
8.711166220427650486e-02
1.885356133583552737e-02
5.153947256868256221e-02
6.600344811109620791e-02
8.942565278003772322e-02
3.489150269333998744e-02
7.753800369011269733e-02
6.584098415835221152e-02
3.725937169339436916e-02
7.805885649582328112e-02
5.971336877399237297e-04
5.556192414538824176e-02
-1.107745780200011278e-02
5.828158241365018200e-03
2.998909656914797509e-02
-1.858813827177968961e-02
6.196130905287589030e-03
9.639564640102574883e-03
1.636602775132290147e-02
7.887787483014856160e-02
8.270323455403574830e-02
9.817498278662890876e-02
6.444739125041940020e-02
5.515399624372283038e-02
3.381687004144413866e-02
7.898738025432379406e-02
5.732994560128046313e-03
1.300338034301216222e-03
1.553389471645656369e-02
-1.439335357136819517e-02
2.440653662694472134e-02
4.549240803701923297e-02
3.618462859938942344e-02
4.162159919846591949e-02
5.250125558804329129e-02
6.928082204561493429e-02
1.808995347284509878e-02
7.249207764011007804e-02
-1.898153138447400759e-02
9.995531446067787429e-02
8.358237306326156413e-02
