-1.513381397417465878e-02
2.016070426495413306e-02
-1.208625204335161268e-03
-2.872109102002518705e-03
1.256866859089020988e-03
9.823739739046082053e-02
7.106334872595612695e-03
-3.371041684786326570e-03
1.604496738167331474e-02
6.506630371945759661e-02
3.323371580223712096e-02
4.296931478566873297e-02
-1.970217576046661562e-02
5.771037494343062013e-02
9.301749274129877953e-02
3.730599129719697205e-02
3.290928337944056675e-03
-2.121900195466399491e-03
9.141426056166995773e-03
3.153149256820403368e-02
7.781431221603327120e-02
-8.937310253213412437e-03
9.364416413340768963e-02
8.830459815442531779e-03
2.262924505372859371e-02
6.113660202381387965e-02
9.238438494985815042e-02
2.801723306875210720e-02
2.035437806529058827e-02
3.329902959316045907e-02
2.685616186242497858e-02
9.376576995690140415e-02
1.606143850717229801e-02
2.810770444178014790e-02
1.071069676496505529e-04
2.187551570686618874e-03
2.093666511567907063e-04
7.250261771159136059e-02
-1.255875684746759688e-02
1.593542293397906193e-02
1.570714716018927967e-02
2.490901713634416023e-02
8.997868569353872914e-02
8.577099087621205264e-02
7.997429544830042536e-02
4.416729539959761419e-02
5.811884537383196769e-02
5.445060769857422434e-02
-1.803921768734629075e-02
5.840110326902747673e-02
