2.649027159231350306e-02
1.808173023098439899e-02
9.063486976452458932e-02
9.133561926969942235e-02
9.008176532936937320e-02
9.647627654876324288e-02
3.907705543385991964e-02
-6.723100778821128332e-04
2.877553617546569839e-02
5.398737278321207034e-04
9.360215619765913792e-03
-1.544527290011075103e-02
1.977263889435778091e-02
6.748573982296012658e-03
9.523265050931281617e-02
7.854335906967342684e-02
3.217195712170863031e-02
2.222087749981036323e-02
-1.669398896175632724e-02
3.576113829068439109e-02
9.679827671195129213e-04
-1.332316806843368562e-02
6.502058250704945142e-02
9.614920042887371843e-02
7.145939019844980977e-02
-1.174436633837409177e-02
6.592038198675140293e-02
7.330756477840616459e-02
5.852212210771694234e-03
9.976789468876570699e-02
9.024509024344508357e-02
-1.879612883899577785e-02
5.729446356500321469e-02
6.660484301146885056e-02
1.237374521867235996e-02
1.768028860718135267e-02
-1.194211240980354305e-03
2.939825374878767342e-02
9.591054848658094045e-02
9.349244067567454020e-02
1.488672046833745474e-02
5.277925029420815761e-03
1.464749335672193079e-02
4.000477936362680648e-03
5.578653703008100428e-02
4.563137621998115956e-02
4.649338777482729668e-02
7.597375011636905984e-02
7.320248635159035122e-02
4.770701740917639155e-02
