6.577315031829233938e-03
6.317043420348621152e-02
-1.453671822375810982e-02
-1.407352798999367965e-02
7.254287148953678099e-02
5.622848555275661298e-02
6.109641877933612297e-02
6.572611257441852983e-02
1.233988799718341647e-02
3.755483461148206858e-02
4.490171820989266593e-02
5.056161739340092609e-03
3.232393987194165375e-02
5.514478545615866811e-02
1.818400107788180689e-02
5.065648067050065873e-02
-1.342146496381765863e-02
7.796873995910140465e-02
6.406717624113970888e-02
-4.728538116039890382e-03
7.177151577397172799e-02
-1.041241039593114766e-02
2.847744905438475901e-02
9.074220848046848920e-02
4.252471795648374298e-02
-1.819868395721574092e-02
7.710210370599528129e-02
7.250500143309873691e-02
4.641758895456024603e-02
6.779672632146610534e-02
2.674688701186977643e-02
5.127609748155191605e-02
5.272778335382866111e-03
3.236438375430335246e-02
-5.783652291424168021e-03
3.473537362096176806e-02
2.595485036930128900e-02
4.571775313286348397e-02
4.384782204762381619e-02
6.738747889983010692e-03
-1.900609464884420521e-02
9.265120734430172533e-02
-1.448247412351950578e-02
-2.819380182166274923e-03
7.945457779249336105e-02
3.458995065366846089e-02
9.669427965495816513e-02
2.434047104925786062e-02
2.714658519826124508e-02
-3.022646533664609392e-03
