-1.492052726093406022e-02
6.967873127858530136e-02
-1.970568271229455187e-02
3.567259334068418469e-03
-1.924973402168725367e-02
3.455448901065728828e-03
4.958266685773689286e-02
4.645383540087306973e-02
3.412519673511436868e-02
8.337957901948761519e-02
8.133789932819016077e-02
1.828017833538441925e-02
4.079308982813899254e-02
-7.230554385121856428e-03
6.353750131172647420e-02
1.068610081459631794e-03
8.097225752435056878e-02
6.867061692463434508e-02
-2.905394815434395733e-03
1.323329288426609504e-02
2.851752269884433311e-03
4.999700375685967729e-03
1.219258115071204449e-02
2.131390463161179569e-02
6.775627016740087827e-02
6.634926777244312679e-02
9.946001178956399846e-02
5.946914792206313416e-02
9.524021370079929771e-02
6.526354786545474074e-02
5.979237518060190326e-02
6.480586425541010054e-02
1.236740705651931740e-02
1.219845737474563666e-02
5.777077647610454059e-02
1.872349094097047403e-02
5.888167391892253077e-02
6.477295752179720867e-02
2.325793602937562335e-02
9.396232664077057428e-02
-1.086497349551684456e-02
4.022945724032959969e-02
5.309834266867566321e-02
7.534873474830294793e-02
2.900307538264624077e-02
1.759276208035722225e-02
4.830187958327809838e-02
5.555335831280090730e-02
9.712200422293286450e-02
2.792937820129806972e-02
