5.037170954580745541e-02
-9.403243922297428031e-03
5.037561956414270126e-02
8.887126197958078455e-02
2.253346700122257559e-02
5.117217589180590720e-02
3.226458061006114847e-03
8.981060299551349435e-02
7.715702278271757697e-03
-2.921948656922333104e-03
9.622059634743537759e-02
7.096801713839402670e-02
4.059873372612161913e-03
-1.915750649758892962e-02
4.235428550900126321e-02
-7.380694139055211933e-03
1.066283012159640470e-02
6.807492548166675650e-02
6.232410989245711075e-02
1.881616943678040763e-02
3.200269099225561131e-02
6.839567302141034977e-02
2.064440490136895331e-02
8.739210285274823242e-02
6.085663988151174264e-02
2.833075348159320647e-02
6.979995878891266659e-02
9.667432991454837088e-02
9.166377572144347730e-02
-3.598723545282893344e-03
4.817020748624729898e-03
8.602836112233472332e-02
9.034899812706068123e-04
-9.352074632941706142e-03
8.584532998323010644e-02
2.371441439453332925e-02
9.045513227478946261e-02
4.868636579220195215e-02
5.015800160273303776e-02
2.421050277465967501e-02
5.359471021688315406e-02
6.484228945587942883e-03
9.485099860283945084e-04
-5.528816490847077159e-04
1.137720901919103689e-03
6.789859253944999229e-03
3.595631977178702365e-02
-1.340381526569418141e-02
5.465754552587434589e-02
1.753559924026156305e-02
