9.426696144934432198e-02
8.721666394591214011e-02
7.350978995838919339e-02
2.401035418627256793e-02
7.984130773274047965e-03
7.413552526425680467e-02
6.119976329581215679e-02
9.084857854449977788e-02
5.173435128056159960e-02
9.946324737444360575e-02
4.871201441742006866e-02
-4.056655023909616631e-03
8.498646685697133080e-03
6.081335856992420297e-02
9.097590760539192578e-02
-3.199987234724119972e-03
8.048905815983069256e-02
9.793543011330216319e-02
8.346141842530747923e-02
-3.206681561051780843e-03
4.404599256095415027e-02
5.120308597815803608e-02
1.874718378775578134e-02
-9.446160125941155394e-04
-5.433761648036491282e-03
7.207657144735113430e-02
3.916703196174538271e-02
8.699058630704301076e-02
1.779885005040711052e-02
7.890331826872676313e-02
-1.310043747177315476e-02
8.177179883460791721e-02
7.260391400808952067e-02
-1.303591547543708415e-02
7.979184043893051970e-02
1.276039663219777007e-02
9.049857828979446239e-02
8.358388357333414176e-02
7.789642416935393943e-02
9.545313041480282812e-02
1.293340731028030585e-02
-7.753403637398062140e-03
3.712577475848934105e-02
6.046545949958373467e-02
3.638246335701429690e-02
-1.400976517037620661e-02
8.775810033335450233e-02
8.429459550515222555e-02
8.735105813055832336e-02
5.479028117801200415e-02
