5.255597381985402383e-02
5.810163985975907996e-02
-8.614001310656878296e-04
9.056695864550090569e-02
4.891994546289669954e-02
-1.574554236534148749e-03
1.093108363007811584e-02
9.460004887854021882e-02
3.770206829272265692e-02
5.843562224473597411e-02
-1.690927899019703876e-02
3.171372459980030534e-02
1.640298559810721493e-02
-1.738894851931003724e-02
3.618805379237391429e-02
2.777624128466063894e-02
3.848533839511086851e-02
7.508284707885198861e-03
2.469034180246968205e-02
9.373442585675159644e-02
3.386606516574144909e-02
6.372378349597519059e-03
2.734402733071333164e-03
-3.068793111905623872e-04
6.400710051886512875e-02
5.269985612648314666e-02
9.542488430509261932e-02
-1.780795618375225278e-02
7.616590214495730371e-02
-1.276713315632346454e-02
2.397799000069960815e-02
5.267077576807698003e-02
-2.729353530724284299e-03
-1.082558289625044565e-02
4.919819966918498322e-02
2.859776652252148457e-02
5.124966771335619231e-02
1.003434606582298202e-02
3.275647502166658537e-03
5.941081879475804128e-02
3.951498498631238199e-02
4.177944814610641544e-02
2.136917294209241328e-02
8.456837875588106568e-02
1.934798569775711755e-02
7.219551435629277536e-02
3.132548840891040409e-02
7.370908669269485292e-02
1.248947835966004657e-02
2.231887975662114401e-02
