9.956682694506766018e-02
1.261531409995956046e-02
6.373985710921424575e-02
7.553298310216230438e-02
1.054148684179132336e-02
2.805971613070976436e-02
-1.928730902374835646e-02
4.786375930709886595e-02
2.283713508483876248e-03
5.196740557331022692e-02
2.438060020314674822e-02
7.406865899542561249e-02
1.479427994193780946e-02
-5.063849696203964745e-04
3.803329687341437670e-02
-2.199186878870239281e-03
1.761086976301726517e-02
1.014807611081364885e-02
3.772179856463409031e-02
-8.529639011975445259e-03
9.089654208276494451e-02
9.551580187957608992e-02
4.750624538593080370e-02
7.119672559225798114e-02
8.395078187593252306e-02
5.408337056574656632e-02
1.304242230298379920e-02
2.959591644570465710e-02
9.548190836993643293e-02
1.197557023769057691e-02
2.350472592662200891e-02
2.476237956735894905e-02
7.496104986387835956e-03
9.253312081464137862e-02
-1.475666005564372010e-02
4.866172702353897817e-02
-1.805095863469523970e-02
1.248739058923791292e-02
-1.963324451448674596e-02
4.493884850904913963e-02
2.680960810213714809e-02
9.537032218506237558e-02
8.449858340682957214e-02
1.578854485195147969e-02
1.215690148018896619e-02
6.585554220078400356e-03
4.503529472802962619e-02
7.725368515129303615e-02
4.270572229898449146e-02
-6.028487450063745728e-03
