1.507420870117088391e-03
1.360749592940918920e-02
2.370714753955190449e-02
7.086384161488124001e-02
6.827734765608424461e-02
2.604720294217155105e-02
3.097917061442100051e-03
2.200679359949355915e-02
5.069444046633417300e-02
9.296077695324644896e-02
7.677259407023039051e-02
5.982167713325711039e-03
9.460019633419465557e-02
8.656717750046569182e-02
9.388966057375558449e-02
3.497925491478810767e-02
1.299453279056993552e-02
-1.895155140240988023e-03
6.062563155176499408e-02
3.870775137907139785e-02
3.273653262624100224e-02
3.598190609168050447e-03
5.468053799272798443e-02
8.673121502748887268e-02
5.494055605902206652e-02
1.573242872395557226e-02
7.401794096600890216e-03
-1.624948326753469091e-03
7.562114339764659798e-02
4.796443364720393010e-02
9.939845798218591155e-02
2.365400707942863154e-02
4.560438922555945518e-02
7.192305424578153417e-03
4.241416816730254197e-03
-1.742409280955062312e-02
8.175640146020692056e-02
1.760815077960416544e-02
3.023576870294500049e-02
2.172121835599983772e-02
1.512587414724857540e-02
-1.771636891967843033e-02
7.172723046371454192e-02
1.036314183647011125e-02
-5.310575604084374207e-03
-9.386851952154299725e-03
6.265290044406747472e-02
3.873547108651709259e-02
4.704516923749152424e-02
-3.464371808500781025e-03
