-7.538378193372059777e-04
5.379463396400885333e-02
3.643888312338432189e-02
4.572430608802863228e-02
2.470110317028429217e-02
1.225454413873841922e-02
3.982106371948029855e-02
4.129156663860902854e-02
9.203149622472170388e-02
-1.021392568594758042e-02
8.264422541368661446e-02
3.506782069286346060e-02
3.634640991940954469e-02
8.715479636570473698e-02
8.269875917375929530e-02
-6.609872540947336547e-03
6.164678485400290620e-02
1.526018774086896831e-02
9.428918828219169657e-02
-8.287781916896488563e-03
1.669089903184182294e-03
6.800141406831400337e-02
7.680947376891407441e-03
5.311036473912922329e-02
9.740382566522569341e-02
6.849017109879479426e-02
6.756495657098354757e-02
3.288380953833136555e-02
-1.596441377131090078e-02
8.140131169138764555e-02
2.168173350389271739e-02
3.069723649754102848e-02
-1.046809503950051935e-02
-1.429720424855703692e-02
4.471131886246801357e-02
9.993236713813420657e-02
3.989390884033612583e-03
5.369593616269745240e-02
2.268094948584880102e-02
4.644744935473459069e-02
5.326412403392433159e-02
3.566479648045177420e-02
5.767098242069762515e-02
1.211750585972179092e-02
9.860464718558734076e-02
7.140926624402764433e-03
4.018861367077534996e-02
1.965305118958309352e-02
3.145824572410113595e-02
9.026908111284145941e-02
