2.757879087333572551e-02
5.970326574913729228e-03
9.202886255696528239e-02
4.593559099162576598e-02
5.635581851000932840e-02
-1.441914036944448932e-02
-7.294497823215721766e-04
3.175377592427419682e-02
2.976611495535783428e-02
7.227238474806285673e-02
8.553968080289883757e-02
7.279373896552572554e-02
3.524493744963028141e-02
7.434998401830866799e-02
-3.522979916392870309e-03
7.485025785219731609e-02
3.041907721074020229e-02
1.280234202111231109e-02
5.400089673119522204e-02
8.525624846698852399e-02
8.337811668683724198e-02
5.093227866481486038e-03
-8.280832227000271134e-03
4.201887383432763301e-02
9.672002196840605304e-02
5.344555480303789241e-02
5.419020529606732861e-02
8.402593249579773382e-02
-1.713789048947582730e-02
6.196347746911686633e-03
9.699917630784396505e-02
9.143129571494182373e-02
8.554405671060152927e-02
1.438977492539400896e-02
6.763513117852386347e-02
3.835176482586380442e-02
5.772174838002891439e-02
5.791892866661785266e-02
1.272184396979197593e-02
4.614352269490433478e-02
-1.999493085435402606e-02
2.707910837777915622e-02
5.022478371156766097e-02
3.242937792031987121e-02
8.087190632870976115e-02
1.503791401059176303e-03
-5.462003873535120971e-03
6.198501721955169963e-02
2.698100819843220546e-02
3.043503865718573051e-02
