8.132368198500602996e-02
7.425535828022022944e-02
9.493748684676674154e-02
4.409416221067637143e-02
7.458275061674281281e-02
1.550505522277636702e-02
5.348578706020339080e-03
6.668882174155024711e-02
9.586260083451617064e-02
7.323249352314237237e-02
-1.923877934544342139e-03
2.712190323322413374e-02
2.297967930114082694e-02
4.608307790935883830e-02
5.970273615925340838e-02
8.053140757209702183e-02
3.513168070223664230e-04
3.269382855086533368e-02
6.180278590489599044e-02
7.186913832512785427e-02
8.940892492345740850e-02
-1.179566707027468811e-02
3.222647516540380619e-02
4.520910850625090016e-02
-1.728861572789043913e-02
3.281993570889991940e-03
7.091919928409973206e-02
9.054757322247529439e-02
-2.028601080886843766e-03
4.478981588166830452e-02
3.483647366255454569e-02
-1.080798850057516046e-02
1.099416996668404686e-02
5.256956827556689971e-02
5.729603101199741422e-02
9.235891860631213757e-02
6.325508165731281995e-02
9.596246469563504689e-02
9.720960584642811264e-02
9.571035206554524832e-02
-1.705883473114393201e-03
2.932533085643683132e-02
6.053622242733257275e-02
8.588472318655823723e-03
-1.378823381398872061e-03
-1.332265901277687042e-02
6.455524946842819412e-02
8.976036195660977435e-02
3.092602526435067958e-02
-1.288595516043165856e-02
