4.111282139314684225e-02
4.320112757749761112e-02
1.542290667614363772e-02
3.250989954508838597e-02
3.496366300958531070e-02
6.251011820132067187e-02
9.501735557262203091e-02
9.248647721761110718e-02
8.186097748997073209e-02
4.711601603790212256e-02
3.291804859269088779e-02
8.774659422317969415e-04
8.797365358288576631e-02
4.384670239996805996e-02
5.561944565068434321e-02
3.779415472016907362e-02
9.822566681238392716e-02
3.194466520777452384e-03
6.884255556668697484e-02
1.353834760809757148e-03
4.577440457062574575e-02
8.166507028756525566e-02
-2.390733243298179267e-03
4.273254722992544941e-04
-8.153301499596796176e-05
4.920437276755738887e-02
6.560868104593083061e-02
8.396659311765350409e-02
3.028951798390806804e-03
9.408078285078129432e-02
3.743589503846155020e-02
1.603427089013477816e-02
6.701104743825268828e-02
8.493721635521214730e-02
-9.536118950708369346e-04
7.834683436436627735e-02
-1.935367501661456116e-02
1.440331741084194608e-02
-1.368055547214638845e-02
1.613710784527339764e-03
-4.423709351862637612e-03
4.419762366913171370e-02
6.351933792060189543e-02
1.896097471302990098e-02
5.186208044644097237e-02
9.718913252017197246e-02
-5.263595776316245048e-03
3.277826076129702892e-02
8.643431495684805732e-02
2.545926845101574923e-02
