9.336251015601625125e-02
1.550218962760066890e-02
9.154247149857233645e-02
3.130192021960657989e-02
3.503543681085338757e-02
6.799031535224341061e-02
-1.282578186180496210e-02
9.756762446748337703e-02
1.594561525954990219e-02
3.174941754741215927e-02
2.785041321430132069e-02
1.912333926227790040e-02
-2.490632269775503588e-03
7.510350511723289102e-02
-1.993100844641651492e-02
-8.371325330440182802e-03
6.668099803528007574e-02
5.213842251323951016e-02
4.147551028685085572e-02
4.193095549080780304e-02
4.005164145390731345e-02
1.720909846045212341e-02
9.519631136826242623e-02
7.155543735206006117e-02
4.162739955243784096e-02
2.159688047493817445e-02
8.115269881617591385e-02
5.819589019487492187e-02
4.902500388969810441e-02
5.951383179514212196e-02
4.193630566578934737e-02
-1.339396325734245122e-02
9.437710593060823216e-02
2.737745357570050761e-02
2.979534647872047678e-02
2.906178940117637791e-02
9.942148318175875188e-02
4.394238812101906866e-02
8.135377124783998992e-02
8.956599242215698004e-03
6.433340218621477757e-03
6.131322104806005702e-02
-1.182753920784089703e-02
2.411280728532724446e-02
2.532748631871287529e-02
2.102775329244702465e-02
5.134994163331980943e-02
-2.885539868533435609e-03
4.516771010562485589e-02
8.088101754500835738e-02
