3.666532158137437991e-02
8.057594131095004164e-02
3.114275304887289056e-02
6.920410725177129907e-02
6.351924004115626354e-02
1.743458665225059920e-02
8.658165944554901960e-03
8.543004233905016065e-02
3.032366474837159750e-02
4.758809770855136623e-02
7.526860304098560717e-02
1.206452944100329383e-03
3.722348668347696954e-02
9.359673632240142482e-02
9.774995166259453638e-02
9.303636984420200762e-02
1.068095172443322971e-02
-1.802759083860627776e-02
-4.503553115283821101e-03
4.754292472115506651e-02
1.789999032726910175e-02
9.421231623331532967e-02
-1.875259221432658274e-02
4.200792823669863285e-02
3.449577585312021966e-02
1.508306725136443135e-02
1.753844346095292245e-03
4.404582795319508803e-04
3.133817998090683565e-02
4.209338462750870924e-02
2.661555922827204060e-02
3.295683287860178001e-02
-6.495790246185930567e-03
-1.459886092774310452e-02
1.572395163085485784e-02
8.558017148788758799e-02
4.895521201641292452e-02
8.972834741427417049e-02
4.440380837006558529e-03
8.664509410340175133e-02
4.507556412703092596e-02
9.867266126529723735e-02
9.575377846707408547e-02
9.036980388492783789e-02
2.528543401617036959e-02
3.806255496356603096e-02
7.299794054924310660e-02
-9.412350171419147857e-03
8.521213241546005124e-03
3.077790670944267545e-02
