1.026554478045644397e-02
-1.260600038661018572e-02
5.349196148322830913e-02
4.394574389116720492e-02
-1.495007176645223035e-02
9.487151405756318046e-02
5.909017876292065041e-02
9.869721996556214683e-02
2.278328519138096350e-02
7.191663363499159467e-02
7.049623288990337910e-02
1.050230608989584369e-02
5.732358635152902393e-02
2.708568724409711817e-02
2.775153515903918885e-02
8.812996646979454063e-02
5.962189026415265491e-02
8.158502916215661094e-02
-4.296603718060888061e-03
1.815155867696895478e-02
3.540206320017150188e-02
9.513521546213489499e-02
8.806420997071293111e-02
8.678859085092036074e-02
9.815995614490326260e-02
6.016825142600415455e-02
6.231157381578360244e-02
-1.941806050051579635e-02
7.708522323066037407e-02
4.162784999143608056e-02
3.335212690497955934e-02
2.763294201128331865e-02
2.023083704059009877e-02
2.040281827399454892e-02
-8.943810183722122539e-03
4.277361813747516950e-02
2.139324861209571452e-02
8.476213304821736405e-02
2.224099492269229067e-03
5.515520763516471026e-02
8.123015239412920835e-03
5.073303637644947794e-02
1.755450160157857528e-02
2.706352254808154847e-02
7.241980538815433188e-02
8.232706578139153963e-04
3.844840839719569636e-02
3.498844205099410631e-04
8.028922033406948877e-02
5.126269902028324221e-02
