3.798018703746923463e-02
6.967983280770408128e-02
5.480586470307610703e-02
3.035016209146734409e-02
5.235545402205037113e-02
7.785666607063285172e-02
9.653397504373505134e-02
-6.659399059077098990e-03
-1.004695085655360476e-02
8.014433170094048542e-02
9.930836683259945674e-02
5.097330520943042786e-02
-1.100024072159831376e-02
4.771060877490407304e-03
7.087320615734181428e-02
1.969140975466876151e-02
9.460180958193055434e-02
2.023368658791337496e-02
4.251508700596019763e-02
-8.219133597268645994e-03
3.781084711338315862e-02
4.906209095680323651e-02
8.405836322818488471e-02
1.403575479078704447e-03
9.242939866038234198e-02
5.546757307138804050e-02
2.198670582984936853e-02
6.640682282998057462e-03
2.769343670643728897e-02
5.161324727395062706e-03
-3.889547945733300843e-03
5.629383695818374056e-02
5.091896459360312210e-02
5.127161513534682358e-02
-1.783304484181624100e-02
2.035251582953906749e-02
4.162017910670494369e-02
1.075398980098916241e-02
4.228758501425891603e-02
8.480683268095125238e-03
-1.565062417127080149e-02
2.925207752841518447e-02
4.822754295135656122e-02
2.933266421537488247e-02
7.711417815802011633e-02
9.151722018340670284e-02
9.819478910482910827e-03
3.820492234696608314e-02
5.498801610902059878e-02
6.403203016039099582e-02
