-4.893184872448887515e-03
4.656655695971072262e-02
7.588049513575573224e-02
4.141796110844277179e-02
1.653425269073722018e-02
7.744887864564641011e-03
-1.866648575319023590e-03
-1.634618611735730309e-02
3.662517800158722470e-02
3.754613692422550941e-02
3.703324359349040307e-02
1.257541592042994358e-02
7.062701114209238296e-02
9.258689578588158442e-02
3.312713227746449940e-02
8.365742862068391295e-04
9.866612389400979122e-02
-8.731748548489881231e-03
9.292090603800096105e-02
1.284025215767409592e-02
5.356400429323268653e-02
7.590714894265461476e-02
4.239691569710704599e-02
2.315714186853813292e-02
7.329916428318376809e-02
4.972157088196756114e-02
6.723820513383137187e-02
2.540198663033184368e-04
2.869848022324071254e-02
4.130341600146697489e-02
-3.816152651477229540e-03
-6.024788263969424115e-03
2.229560952356961570e-02
-1.967124771722127130e-02
-3.971933750724701562e-03
2.343383882215931482e-02
-4.847902529092789833e-03
2.452314915095763284e-02
2.313311623886774374e-02
6.973003255903388597e-02
9.920722626093365915e-02
-1.912366860530244003e-02
3.468911913396022229e-02
5.065772143290292462e-02
7.183785333540065182e-03
1.884646240535082715e-02
2.395198640312121499e-02
3.010117842223768506e-02
4.793480069115028941e-02
7.982681289414621240e-02
