5.950846139300792342e-03
-3.946707555212987384e-03
8.922450660867640992e-02
5.665938216673906125e-02
4.173254267581305577e-02
2.261076904406437646e-02
8.004567459644799932e-02
9.934739067021725045e-02
8.338563362112791366e-02
7.958408742142827896e-02
3.627976916737667146e-02
-2.306044714129748541e-03
4.834426069122033098e-02
5.220801725986219666e-02
3.784986298138463823e-02
4.413329720977784976e-03
9.720830150368054562e-03
3.349557286973578463e-02
8.093587160722769125e-02
6.728298277533262262e-02
2.550837802747123531e-02
-1.804310696339730957e-02
-1.189511903457969241e-02
5.114260921919619451e-02
7.190439466355456888e-02
7.381910731884901156e-02
2.440602281123549142e-02
4.100806657959132906e-02
9.338643948077096635e-02
4.921631152402237974e-02
9.977153194423259153e-02
9.722855720261040779e-02
3.380170583119981864e-02
7.377309413838284424e-02
-8.530663224529558969e-03
-1.850017093753401204e-02
-6.002336274026286514e-03
7.462893433314772562e-02
2.006476973187512960e-02
-1.090293671460924180e-03
1.933649848700786170e-02
2.703837177958081858e-02
2.352902465544961033e-02
7.650311593460867171e-03
1.261959726033317838e-02
9.463898290936363644e-02
6.934270089187514335e-03
1.701376713166213514e-02
6.550439575583553997e-02
-1.699371549087412558e-03
