7.487303676638978889e-02
5.736853696279306525e-02
-8.683095226434685288e-03
2.002600757932888539e-02
1.035229629759135822e-02
6.484202828235792471e-02
9.744679081383901542e-02
8.775104794498866934e-02
8.743205354471263180e-02
-1.834219279268959474e-02
9.097428523195342370e-03
9.834022626380789500e-02
-1.657204750200580098e-02
9.834899892780232800e-02
-1.334292094434249426e-02
-7.036752862167622302e-03
6.322028048925279475e-02
1.113962139793983966e-02
6.109624365407682889e-02
5.407216155487790110e-02
2.152993217050990990e-02
6.480485465128546507e-02
5.720730653721531334e-02
4.583394033433629833e-02
-1.745901421699794578e-02
7.277473420602427467e-02
2.453718645659183975e-02
9.369278888556269169e-02
1.450334794286400539e-02
4.289255627611418542e-02
9.059159374654079944e-02
3.179478946112170717e-03
-1.394245189678902999e-02
-1.714442466903951662e-02
6.891813712396223368e-02
5.227989883904862745e-02
7.287667782056209131e-02
3.432230818043380260e-02
9.702360004216613321e-02
2.058209710611207111e-03
5.913609759125627863e-02
1.956713547084001914e-03
6.741121328366413146e-03
2.473491293548514894e-02
5.694351210422107790e-02
1.608194771203830600e-02
9.450514918966985978e-02
1.865520140741823776e-02
4.908745123354876783e-02
2.566047388275945543e-02
