2.132154432965624111e-02
-7.122302603383262251e-03
9.952391408891998054e-03
4.870958561031381306e-02
8.091695864801921878e-02
7.670579760588364104e-02
-1.297399584494086412e-02
9.363471278067606041e-02
-1.247745939368045259e-02
9.740890479142497171e-02
-1.502179003111087444e-02
5.795351252158427446e-02
1.050618152509133138e-02
2.993219190672105276e-02
9.289771205873562088e-02
4.358477441046391954e-02
5.468435722537755284e-02
9.957407282601696275e-02
1.473723938017398524e-02
-1.909823990123033985e-02
1.792321001872080113e-02
3.542587208858909154e-02
2.216281544818625091e-02
4.408301222597059421e-02
-1.563862872980186294e-02
9.884892479210657945e-02
1.702194407714763616e-02
8.749762282520597012e-02
4.572164815921772596e-02
2.833179889740214050e-02
6.342010980444019730e-02
3.120029770538724698e-02
4.727939126624096378e-02
4.537602254119066369e-02
1.660540806594578214e-02
-1.414095702340840630e-02
8.216844729387391688e-02
8.672472194297269066e-02
-1.833738533266725951e-02
1.163799777784533737e-02
8.763960226042420698e-02
-4.855685399053774609e-03
1.949588734108943441e-02
-1.834255910776470821e-02
4.819598913529969664e-02
2.532304573174406007e-02
2.307052684828521730e-02
2.845075167644526073e-02
2.483273323763282928e-02
-4.978462988434059766e-03
