4.920818965383366717e-02
7.179951696445682763e-02
5.176568982381875295e-02
8.609618673647365106e-02
8.362335205601645338e-02
-6.428505898722994619e-03
1.272488853831178074e-03
2.376828642928173821e-02
7.486017785036790106e-02
9.048372814766288130e-02
2.540866120166921163e-02
6.779547886472139795e-02
1.013837870326871754e-02
1.732805169129522302e-02
4.492745393340510929e-02
7.182046444181833245e-02
-1.826420567582738921e-02
9.284144015844930653e-03
1.557259126857324719e-02
5.675326518012954735e-02
2.437834848249521499e-02
1.648875022076379607e-02
-1.166220885310614158e-02
1.211039580175588340e-02
3.405652812957979392e-02
9.505641370230044629e-02
5.420471838638867002e-02
9.159056704888016154e-02
4.868536162220508945e-02
6.660679013156546591e-02
5.605072431694415463e-03
5.885939861335236223e-02
-1.819091694605673784e-02
5.510834974160500055e-02
9.140377423765305709e-02
-1.654172771305713330e-02
-1.586272198000502481e-02
5.950199734460091816e-02
3.107547550660099203e-02
6.324437612261500641e-03
8.819146745433552315e-02
1.316032039695789677e-02
1.502115477600447085e-03
8.024108801281562564e-02
7.725642181368754663e-03
5.003228918387468693e-02
7.002122508908917298e-02
7.830443580154436423e-02
7.323503736605532777e-02
1.110139745176664042e-02
