6.949140963449364217e-02
7.949730137968114008e-02
8.002136933283282572e-02
6.979719449056669134e-02
4.791545384549686371e-02
1.395568511113960339e-02
2.344038622185164525e-02
5.779054877291241177e-02
1.360489727602717455e-02
9.062493138810009952e-02
-3.449347288617989060e-04
3.810888297581711825e-02
2.386348856848825514e-02
3.592097371511994430e-02
8.508477255928982574e-02
4.165952169116783621e-02
4.708256333662340365e-02
7.630611375810118779e-02
3.165394485442481198e-02
8.283675479671243069e-02
3.030436391658574910e-02
2.160444381337740111e-03
5.969559274475011446e-03
1.913828799666453598e-02
7.856902967573643759e-02
7.996643238782165375e-02
9.138160793022211126e-02
4.565312359430021005e-02
7.827738783040671250e-03
-3.656283091233402532e-03
6.922086125792278888e-02
9.235413646345817795e-02
3.908400621446203593e-02
9.735403640609101295e-02
9.725973332586939496e-03
6.123656579574292269e-02
1.516799614478475319e-02
8.288672960128408429e-02
5.666985617219177929e-02
9.937080691391639298e-02
6.653210985123476917e-02
6.595085005406058076e-02
-1.655416685056365633e-03
7.504914745501999052e-02
7.110805226644795196e-02
2.249470446864998766e-02
4.528803843289663789e-02
-2.573751020800367495e-03
2.309518868558415108e-02
5.100637032613260236e-02
