3.194154648688071751e-02
2.457506333462951623e-02
6.319258648157442815e-02
-4.352066568649032297e-06
6.870198865072842109e-02
6.392315798925267412e-02
9.668903468503899090e-02
5.494887945717838451e-02
3.729472649646062288e-02
6.932366111341045634e-02
3.464611564855983594e-02
3.648452449528050145e-03
4.418396124216882048e-02
-1.135138820986200323e-02
7.166542274774875820e-02
-4.006578664811522028e-03
6.411201673167334081e-02
7.188722394341902355e-02
-1.019769241023046544e-02
8.530527973207978343e-02
7.113178418622413679e-02
5.644927325109967697e-03
3.685774471359079540e-02
6.336913154079532040e-02
3.411200869637709410e-02
-1.277597220675221260e-02
3.241492959330229129e-02
9.678501334595197847e-02
1.265743068564799748e-02
3.715314164355949800e-02
-1.416580453560984526e-03
2.199098665336366235e-02
5.751149058526239255e-02
6.049722768060614153e-02
7.579445038391902090e-02
-1.362187320246553701e-02
5.748829081584742873e-02
2.097241621658135421e-02
-1.294737274382537495e-02
5.016591669989800550e-02
1.802816920962934874e-02
3.591050417644667259e-03
7.237983110816303967e-04
8.704158831432140531e-02
7.768597436245656962e-02
-6.060424669231369993e-03
-1.312891644604265162e-02
1.733909914080775105e-03
7.516446118506928120e-02
-1.553651416855142756e-02
