7.935528680412888558e-02
-1.313512382441104839e-02
5.539438683704855926e-02
6.052295081309444491e-02
4.848487315101955575e-02
1.070117881671748400e-02
2.086395514246725327e-02
2.922646549459860174e-02
8.852302234148494431e-02
-1.870411929844357363e-02
9.815416226324287507e-02
2.442530732989621825e-02
5.120492338129795096e-02
-6.264747380233293833e-03
-1.458103441385407741e-02
4.933492097701742962e-02
-1.255622956427694149e-02
9.955285764843552210e-02
8.586935684838507832e-02
2.502693455430890154e-02
2.935210325467850143e-02
3.165598429034054140e-02
5.069308341031507348e-02
-8.246620841528828905e-04
6.689509209848694404e-02
6.085814620773413730e-02
2.583610551032224437e-02
2.672092157904113266e-02
1.620885199523696210e-02
9.979733648723489170e-03
4.259045486759061028e-02
2.326668273157071407e-02
5.371773441747505762e-02
6.807015428564743009e-02
7.667454884527948045e-02
-1.325882521471856770e-02
3.468741423353773057e-02
7.194834649408957117e-02
7.038852134819102019e-03
2.350410223392012179e-02
5.401182682401202417e-02
7.069050411275842882e-02
4.387351769269665080e-02
8.017476451963068129e-02
5.090837045167749542e-02
7.976807272087110823e-02
9.535711520708904654e-02
2.457298155737606959e-03
-1.937929307898279829e-02
-1.726995803557731038e-02
