7.690380131808120800e-02
1.110123054976056012e-03
8.608788132817839223e-02
-9.101248305555217563e-03
6.388051086259161071e-02
-1.913071330699130448e-02
-9.544278354275554863e-03
2.133149205495680698e-02
6.803455798329173521e-02
2.863301661680249174e-02
3.568060050187217558e-02
3.758405017596003900e-03
8.685818682330415097e-02
7.110243240977499879e-02
4.030401783091412671e-02
1.753676293105960529e-02
6.540609257220453276e-02
5.420883182617083906e-02
3.627872086514004335e-02
1.901281581999053269e-02
2.692903460569167143e-02
-4.815427892171601082e-03
9.169784238590440728e-02
1.769212674766337465e-02
8.455890752088378315e-02
5.520821782437917991e-02
1.023116021104320331e-02
8.268973506131500895e-02
9.590286812303366881e-02
1.874672071846312030e-02
-1.655123437881171958e-02
-2.520170206966425297e-04
3.115840146222527071e-02
1.546810176632776659e-02
3.731387606386891986e-02
-1.558050945792057579e-03
3.798087252118755031e-02
8.123451383849845941e-02
4.206866343234239025e-02
3.607321910691532740e-02
3.677181959420787460e-02
8.538406169171032511e-02
9.432506117150975256e-02
7.186069687552502916e-02
9.284609596856441271e-02
4.131570684341123734e-02
5.591656838577668820e-02
-1.876747542113998621e-02
4.601116071111384376e-02
-3.233096256986950356e-04
