3.904884791969924496e-03
8.125234179475557955e-03
4.030790603191143628e-02
9.270929126914402574e-02
9.629530250129667707e-03
-8.175479243686232037e-03
8.393425899553717817e-02
7.545829180518066892e-02
1.821173678557426803e-02
5.521805049777085694e-02
1.023277660995429439e-02
9.736770891613708706e-03
2.168854396493125405e-02
3.638920672459065864e-02
2.661844963154351776e-02
6.734952567339265450e-02
8.872251925033738940e-02
8.746801589415582889e-02
6.380413326578837641e-02
2.973164552338712283e-02
9.159552457443022322e-02
2.707961646866829247e-03
5.372759276710180332e-02
5.000840995261748856e-02
5.410076888885982649e-02
3.042521502087502591e-02
6.563408870163299491e-02
3.357446900303763526e-02
6.795198611431470248e-02
3.199231269397033450e-02
7.703313752316831575e-02
7.960276240042068324e-03
-4.749700087122853132e-03
6.047115514631988542e-02
1.932522623615844440e-02
8.817506724912543836e-02
4.125230304984706109e-02
1.927099516460819076e-02
7.396085258817183816e-02
4.513816605142759175e-02
1.426397840469099954e-03
4.315839102461072052e-02
1.878836875050650043e-02
-1.019641233847059549e-02
4.681601260956222421e-02
9.726670311294599580e-02
-1.921623851478968664e-02
7.256612104368947991e-02
6.882036165252852777e-02
8.844272626114534075e-02
