6.454584528591264525e-02
4.887602321265022837e-03
1.865380042022583146e-03
7.159010354145149690e-02
-1.162339053756372698e-03
3.258770586371495526e-02
5.202497597055066869e-02
7.852236728239142538e-02
4.375068664813942798e-04
-1.009284100326194970e-02
2.679928339801246687e-02
1.604753072313036197e-02
7.175836216866457451e-02
-1.491022406259350647e-02
3.451758738531780779e-02
4.437027521250646450e-03
-1.536007046850650093e-02
8.077105044720740701e-02
4.025805864566223136e-02
3.690516597199175464e-02
2.793592758234125784e-03
-1.972050031115123170e-02
6.647508955987532081e-03
6.273478436322479923e-02
4.658984744676911149e-02
1.742195402701425880e-02
8.609952877442106356e-02
5.166746243955276652e-02
6.525686873850555791e-02
4.109407056531685920e-02
3.417296626598403941e-02
8.768011926384375321e-02
-1.099718746028552005e-02
-1.110731034337401196e-02
9.857655521341300575e-02
-1.003970749705187550e-02
2.254106826372543129e-02
7.399514240328108894e-02
7.248882141183968231e-02
-1.200614877794176777e-02
-1.379716723824147770e-02
-2.844063550643437938e-03
5.581333006918824668e-02
8.467493589819095889e-02
1.840377043464242260e-02
3.991224234927084891e-02
9.085514637627754853e-02
1.316888519418596068e-02
2.812336826713992752e-02
3.598691139721912902e-02
