1.348712159758408066e-02
5.210637997886225642e-03
-1.929435542956160765e-02
-7.720747718513085861e-03
5.190922918774081019e-02
3.461322243028083084e-03
1.834895520801195848e-02
2.436646913257904321e-02
1.292217281649550228e-02
8.869308274224092792e-02
7.846584821218542671e-02
1.868980106918207915e-02
6.391316670519918419e-03
-4.311815625098303073e-03
4.647381395069864751e-02
2.683006273506035114e-02
6.716519733598978747e-02
-1.379203649827446046e-02
3.543957903144849542e-02
9.348806965476484654e-02
7.790432112957754174e-02
6.707573458976825997e-02
8.729680660980534967e-02
-1.740003526036402320e-02
2.867002193683062042e-02
1.487263074328983373e-02
9.858726760541617479e-03
-7.175582824451107872e-03
-1.920730097018364183e-02
1.928729571181489813e-02
2.318275748737103417e-02
1.299147312971822912e-02
9.156292942245003452e-02
5.766544176422934431e-02
7.302808954199865865e-02
9.814357024368976223e-02
1.723046843405236575e-02
2.375307445909610390e-02
6.264756908418463166e-02
4.902017339490796766e-02
6.849710719157736660e-02
8.237089946658505968e-02
5.775676880160311721e-02
1.057114916089082340e-02
5.132369989768974239e-02
-4.827350175353982420e-04
8.922566495000394671e-02
-5.493236447558431587e-03
5.195888779715303329e-02
9.887066947046933840e-02
