5.586470516162994615e-02
7.242614674468211833e-02
5.518094430986113241e-02
9.050763036137572659e-02
6.080383726271942901e-02
2.619468209173027654e-02
4.324246721573619945e-02
4.455926317099334621e-02
5.924286644621634679e-03
9.597110955239636365e-03
-7.768168887327923586e-03
8.231594920076788779e-02
-5.834894708260067106e-03
5.623334179375095998e-02
9.804459877687998759e-02
6.832726383546542520e-03
-1.972257389004766076e-02
9.539657260277527306e-02
8.465626082674201219e-03
6.890294980837873007e-02
2.755956281911518813e-03
2.909764289711061144e-02
1.830277439539060649e-02
5.136747489216818285e-02
4.616138028594876652e-02
9.931423697384057780e-02
6.555598886832071648e-02
3.542690518699524727e-02
4.126815819764532989e-02
1.147602071747222049e-02
6.536045576983534611e-02
5.857526717732774307e-03
7.120758972600887970e-02
4.717411541931965102e-02
-1.670352828171354359e-02
8.470809504006769630e-03
4.464446607205697914e-02
7.263082547435550929e-02
4.221484404261582890e-02
5.706269989366460904e-02
8.568021101226375169e-02
4.873812581305207725e-02
-3.938647581227319727e-03
9.831378828485320964e-02
9.855609491674829914e-02
1.034667573749054048e-02
5.998236118950893425e-02
-1.195644899765293048e-02
-1.455353764444671655e-02
-3.045875260069576956e-03
