9.165354130138325672e-02
-1.814675081155990230e-02
1.698760373366575357e-02
2.001805412835322082e-02
3.803453410101448329e-02
1.139731938536566250e-02
2.800997930493848154e-03
8.258439377922797975e-02
-1.722598344408767662e-03
9.199424739782779969e-02
6.725376360397425368e-04
2.163255227385276966e-02
3.311835865069372165e-02
-1.811005397032960235e-02
1.961919301136827790e-02
7.448255917850142571e-02
6.012180068635721020e-02
7.186785129279329998e-02
3.895583874104278921e-02
5.064156035032606196e-02
2.816357046043168819e-02
3.930235495743455987e-02
1.484644143713094097e-02
3.722958796142460114e-02
2.966208862191651099e-02
5.280197215588769422e-03
2.161166880318064060e-03
1.347875948972687352e-02
7.810888189638270918e-02
-3.129955593077399928e-03
1.595083812517049046e-02
8.754498303604356380e-02
8.277671907249198324e-02
3.321468248130238221e-02
7.365905600553503130e-02
2.270841453117742811e-02
2.914155140557876320e-02
8.177935021890805900e-02
4.641230329634091212e-02
7.429429067791579189e-02
9.877723717247911817e-03
6.214307418742243128e-02
4.078828003218397391e-02
6.939392254346730959e-02
6.882195359009773972e-02
-1.623054822880526035e-02
3.974332285524177777e-02
8.077805352093189728e-02
-1.559366846781188969e-02
6.911192319515795796e-03
