8.440677266401871992e-02
6.308740954745152563e-02
-6.344120460702637465e-03
2.694584273225341872e-02
8.168783347772214098e-02
6.696450483764222750e-02
8.939777379354210685e-02
9.456721320563904465e-02
-1.083474148092497535e-02
-1.069770587486246032e-02
1.380685449439452914e-02
5.192627852037709490e-02
7.451349641680647673e-02
-8.817083141133044352e-03
8.222270049617635967e-02
2.841624690964974012e-02
4.942164602867722689e-02
7.527003983426099054e-02
8.670940138892718752e-02
7.418979206728940068e-02
9.801123839807532323e-02
7.779344340724556051e-02
8.270599208228203436e-02
2.658836909104244847e-02
5.005495347992772182e-02
-9.870087994096592848e-03
6.184377984604774725e-02
4.325041287214065333e-02
1.420777016958719649e-02
3.272789953596370871e-02
4.330549473627100243e-02
3.721110666867342986e-02
1.277919225328852729e-02
8.790488515056675556e-02
3.613213275521098833e-02
4.809772578839738300e-02
1.341413082193862807e-02
5.749110470827295538e-03
2.995817283516498050e-02
5.266749259897628155e-02
9.357450954236676277e-02
6.329650836119961321e-02
6.952514946957522035e-02
1.460550039086072616e-03
5.873405565543332596e-02
-1.287473926330281321e-02
4.763968509951510555e-02
7.279271477008061875e-03
4.979066082441199748e-02
6.789517428360093698e-02
