5.672653036302242879e-02
-5.104858202433438380e-03
6.554742022557781544e-02
9.242537865489990762e-03
7.660334491065404205e-02
3.257839424630837311e-02
-9.710573447383951187e-03
4.106180404093111302e-02
6.923323220223889796e-02
5.977249803172138276e-02
-1.588462108429644637e-02
5.415935727732801297e-02
7.268255360664738207e-02
-1.373912316316924093e-02
2.610537993728704112e-02
7.216445879483650294e-02
4.340215971007131690e-02
-4.842040115303793135e-04
6.254452582307577779e-03
-5.355495950588417056e-03
6.538822893641237088e-03
3.976345651063392661e-02
7.656414509461598183e-04
8.014187451915470717e-02
3.882984518479694336e-02
5.767050157770212820e-03
7.716983593212990711e-02
5.708510023390889199e-02
1.184929316627478940e-03
1.414201005527678315e-02
1.911741365736639373e-02
8.951143213754744754e-02
-6.857298695718161419e-03
7.870296115241556811e-02
7.650570583393925816e-03
2.194304830713825205e-03
8.473206933586464873e-02
8.002740447299591664e-02
7.979613090141268739e-02
5.184171222225406050e-02
6.773603537478611880e-02
-1.961658898190115838e-02
4.759800676916833145e-03
4.647660992261812285e-02
5.856270026878020174e-02
3.860258831569290949e-02
9.918866381047036079e-03
4.430134359134710320e-02
4.216610916818094856e-02
2.099270648271221382e-02
