1.308850911623511346e-02
4.086881489361415820e-02
7.589333687726007582e-02
8.761429338704969372e-02
-8.790836714966826851e-03
2.512599973858115412e-02
9.987104027667466355e-02
3.620154896801393296e-02
-1.352361687357680683e-02
-1.921103250981949159e-02
9.731818548350829046e-02
7.229547673381181427e-02
6.786380500264861670e-02
6.922173923208735369e-02
3.150872143413731286e-02
9.667049285306217321e-02
2.131997440675035757e-02
-1.746117184549897047e-02
-1.875794825030614038e-02
3.492718344604225922e-02
5.974181883102774870e-02
-3.309205305692491245e-03
2.827959370573795289e-03
-4.593182461884830203e-04
8.104810999542444439e-02
4.547889862287303464e-02
4.882362458456586396e-02
8.236634587011203157e-02
-5.714403150469128320e-03
6.370712258407776329e-02
5.013273861231629103e-02
-1.499999497716449776e-03
9.981604764442975758e-03
-8.381982287738756060e-03
-1.298990637582585206e-02
2.010939078932108895e-02
1.309084175621383003e-02
4.575387600070766891e-02
6.473821844326319019e-02
9.501694975066095339e-02
6.678340521395498275e-02
-1.365379984454432975e-02
3.332748437329795255e-02
5.563679110644884074e-03
-1.495850635363541598e-02
8.509119512228496829e-02
-1.858875561506420637e-02
9.273019543932028291e-03
9.311953545451828740e-02
4.817335088026838963e-02
