-1.102193249413041531e-02
9.320803855907243418e-02
-9.718614317876740974e-03
5.247376380172655286e-03
9.325179411123224460e-02
1.947398761596807679e-02
7.150310235091102140e-02
-1.435828954370185068e-02
6.754973880646915341e-02
8.299245715762181008e-02
-8.641574518864594476e-03
7.219630134487804718e-02
7.054907813749419776e-02
-1.388799404130650755e-02
5.184804001897967696e-02
6.607910941583218511e-02
1.275016802164197563e-02
-3.515921264255598283e-03
-5.581809159231333056e-03
1.232565252047994678e-02
5.271733194428653013e-02
3.582999238152721755e-02
9.068015700035496340e-02
9.462424470224550799e-03
6.932001242499094551e-02
-3.205582646421609172e-04
1.165635301280804059e-03
7.629907100403773845e-02
3.047937690689619603e-02
9.840398230098851284e-02
4.008110450537498426e-02
2.891829245360197712e-02
3.121757345974561157e-02
1.611495971222239032e-03
1.917765417401757350e-03
3.514679758355047923e-02
-1.031673875265339858e-02
2.158578083876064660e-02
6.588250378983157018e-02
7.634395955184292148e-02
3.528767957434260361e-02
-7.261266318134422179e-03
7.220367972768383658e-02
1.062327604611609105e-02
1.918763927384707635e-04
4.188229856946831808e-02
-8.822158354497079344e-03
5.824857282953354448e-03
9.142057802162724400e-02
5.362049905573142150e-02
