4.653445332568388604e-02
3.239350438868951465e-02
5.810827472164019347e-02
8.046370267014771316e-02
2.998946961547567167e-02
3.323275830485905580e-02
1.216501030020350135e-02
2.310640875314278267e-02
7.684929307376105190e-02
4.854039045986094369e-02
-1.979028553412076966e-02
5.636573046950987126e-03
7.395960568481110831e-02
4.274372136898313412e-02
6.336462932382624924e-02
2.407919037331668691e-02
-4.193676580605477239e-03
-1.833255595508263489e-02
9.813017993454242749e-02
5.640858330419064315e-02
7.494381546357370416e-02
6.998862981813434858e-02
7.753898869133145355e-02
6.453935305393147803e-02
-1.535052795234611439e-02
-1.075704731826201445e-02
-6.765964488242176902e-03
5.023835744858252961e-02
9.236234443612835465e-02
2.908946297637549083e-05
1.713142233212489388e-02
3.470690883919165526e-02
8.564433092332547626e-02
8.090348119084181389e-02
2.604185068193834787e-02
1.889515074930397595e-02
5.867304879106138848e-02
4.909388228548282329e-02
1.576284226242682593e-02
-1.776264178533221855e-02
-8.483947247315354323e-03
-2.373024274888675678e-03
2.320695008423340547e-02
8.140567923751355905e-02
6.003998764802243038e-02
2.339947496108988126e-02
5.403763257117245866e-02
-9.637506888168480279e-03
1.613204973792230559e-02
-1.243414058616642247e-02
