-1.696992004128676512e-02
3.636268705289678882e-02
9.925937641845056225e-02
9.554375226030105417e-02
5.534875668895568313e-02
6.103839529630653016e-02
7.602920309466135174e-02
4.088938449129528308e-02
9.844012649782114821e-02
4.536061355570837617e-02
2.219242344795569269e-02
7.148184106186797337e-03
1.962066987128685200e-02
1.266415120637707711e-02
7.865927129829404507e-02
9.249198156943511107e-02
2.859953936302779900e-02
-2.861856790131352135e-04
9.619226057684791831e-02
1.641524813648426520e-02
-1.730598472812629185e-02
-1.970473357386916258e-02
7.101610962622564860e-02
-1.193263655103882215e-02
6.542046530353326506e-02
4.701111100806956711e-02
9.441899742396718531e-02
-6.958385309887793468e-03
3.886723688221647988e-02
1.258152152745433197e-02
1.776445697467505039e-02
4.858499152541317923e-02
7.309303097183607323e-02
-1.296998372734051511e-02
9.742707280875402553e-03
5.627772302705821850e-02
5.723037379261765312e-02
5.676254523688520348e-02
7.177361528768090582e-02
3.429748309265446410e-03
9.971120030487239105e-02
8.766978117654790348e-02
3.136391904862786961e-02
1.970998493084991435e-02
6.162078205859609914e-02
7.991341946990231093e-02
9.617551814148465883e-03
3.471446266487442089e-02
4.797402307301135149e-03
7.813589983234451447e-03
