3.701861439165349266e-02
9.439909269490208421e-02
5.613456212101654991e-03
5.660389381332689429e-02
1.567969415542043096e-02
1.009251987946734735e-02
5.813424355188559489e-02
8.655023410792106464e-02
-1.937965873062246977e-02
-1.468732700907788777e-02
2.509455634575837382e-02
-1.879116990633444839e-02
5.813729258972628877e-02
-8.562595903602469860e-03
2.535734675517920672e-03
2.568700243784681828e-02
9.607506778541508030e-02
3.154345092477500723e-02
9.492034183720585161e-02
5.240627255458794181e-03
8.665266327536035040e-02
5.045021420641056936e-03
7.261134305655929377e-02
5.632889679016948870e-02
4.383982395203367410e-02
3.143925294960150940e-02
3.758638867309481435e-02
3.502712032107213602e-02
-8.281909104051292381e-04
9.600175248941547612e-02
-6.273893847757623654e-04
3.840456788614113326e-02
5.292257580383696869e-02
6.456819672865628246e-02
4.506851518841051285e-02
1.272408369456523233e-02
-9.898311818280563015e-03
3.089986395881750073e-02
5.094099674488762608e-02
-9.350768575937839708e-03
9.948890203970470192e-02
4.559964540770922170e-02
5.707367550434834513e-02
-8.665151287498050817e-03
-1.559323411163093462e-02
2.107343186559067563e-02
3.829466476011612192e-03
6.773224577391745438e-02
4.625394553850223356e-02
9.802818930550848131e-02
