5.792511904941873013e-02
5.462039141973155931e-02
9.168768984716013648e-02
1.322515398144091456e-02
8.537519021913367312e-02
1.249971975266231036e-02
-1.693409082671946952e-02
-6.948566800768322949e-04
8.947429896079776845e-02
6.284132991760001119e-02
6.067828170918708464e-02
5.042243067304164050e-02
8.620649369454803923e-02
5.505408866591124384e-02
4.879926623629438076e-02
7.558073263586073676e-02
6.382099130568712197e-02
1.634412321580556646e-02
4.059786183350112126e-03
4.593479326481135494e-02
3.075910202014851477e-02
9.564974493480951634e-02
5.835167144508590642e-02
-1.241950765451312229e-02
6.771900830398008830e-02
2.987931458458437106e-03
6.337327639067379115e-02
9.488180124957479311e-02
-1.461910463047092629e-02
5.696161970118344964e-02
8.023728668483186277e-02
7.150602890452721627e-02
4.604030303102206456e-02
6.388394857322319403e-03
5.318115457071821706e-02
-7.294781950419321551e-03
9.821959352575569679e-02
4.006331717296793271e-02
7.435653502876882204e-02
3.403098167756538062e-02
8.620352058971980647e-02
7.882703102410351659e-02
1.155740715012354772e-02
8.324564866998304669e-02
2.520329709553938494e-02
1.175230524587610528e-02
-1.364462305007240958e-02
8.239341897834279171e-02
4.318211104846750303e-02
-1.874938299850311199e-02
