3.468115781310303347e-02
9.643871971250358999e-02
2.846852384321946552e-02
5.596825733498322908e-02
1.491898063640215502e-02
1.971615523193668770e-02
6.581642450531362265e-02
6.843949904624462011e-02
3.742408357285512133e-02
5.686870755089566687e-02
3.564991208043995219e-02
4.390525586174566508e-02
1.541913314581814035e-02
7.387617455175128633e-02
3.527042786142052522e-02
4.089500988235392209e-02
5.370419999925928056e-02
3.467550737135476069e-02
7.741476008130843134e-02
4.992855635780464596e-02
2.223536385160649123e-02
5.337567551061005167e-02
8.413158524289317264e-03
4.790280572427019212e-02
7.817410420853024289e-02
-1.773222828366725901e-02
3.819509261822352786e-02
3.340745307397935404e-02
9.534824680793310692e-02
-1.491078244434046809e-02
9.123132270156031343e-02
8.579896309706425139e-02
6.402170359888782747e-02
4.236097336550102843e-02
5.684234246941961832e-02
9.577536743211612080e-02
1.791626457354429311e-02
4.481317637383677721e-02
6.258050193774072900e-02
5.735038379059241576e-02
9.280472774655368351e-02
4.420000575888136107e-04
5.500076644456509956e-02
5.706466038333118940e-02
-5.131008735582542196e-03
8.273283864732153270e-02
6.671883614768699122e-02
2.876569787440666839e-02
7.562352720729813293e-02
4.976150178157828785e-02
