4.158362988756360290e-02
4.941409432932154788e-02
-9.861418588343631025e-03
7.732539899289550545e-02
1.305083708914199156e-02
3.211423018991615974e-02
8.682264333506058140e-02
2.991247786262689334e-03
5.262068963229693530e-02
7.587309301606329215e-02
3.777185030042892744e-02
2.988082034170762985e-03
8.668821833565057422e-03
9.532800480457400555e-03
8.785094968374675128e-02
-6.004820221638014488e-04
1.555110598679633818e-02
3.062724967836380138e-02
8.011693743907133403e-02
6.370616720782586173e-02
6.598732314886730788e-02
4.325184154323749586e-02
-1.465169787296349488e-02
1.874636719722176659e-03
1.926789102075018509e-02
2.093194077909154086e-02
5.170371705180309974e-02
4.426227056267199866e-02
2.555304284688897018e-02
7.350230394302831316e-02
1.432148697297079901e-02
2.614976701679513557e-02
1.125038300397254026e-03
6.039994365204200133e-02
6.199260053994085085e-02
-1.364969156791197638e-02
8.127398865400542460e-02
7.964700591387238737e-02
-8.215130683953309962e-03
9.117945137315940085e-02
3.931482770854742570e-02
3.041989465987931032e-02
8.179110952995878592e-02
1.968334341262270928e-02
9.333650849601010657e-02
-5.861317224598407150e-03
2.342681473050883464e-02
2.786279898889305537e-02
5.289396383611146002e-02
9.786537941201704782e-02
