8.673000837389777118e-02
-9.545232992422381102e-03
8.441536300901102130e-02
1.641905318352311280e-02
-9.436501130069418694e-03
5.784081996885104271e-02
6.502336482202268619e-02
3.439200417583171410e-02
9.369302723058904603e-02
3.196297061763192504e-03
6.125117582396776006e-03
6.099009680765025976e-02
2.964762515611216176e-03
4.188714004934991630e-02
7.371023654082603516e-02
9.452205484078603226e-02
3.036916590966172100e-02
5.302878855700455391e-03
-1.343426442593076767e-02
-1.378986535527576725e-02
2.460050263770222415e-02
1.061072297376558851e-02
2.511607323241963827e-02
3.803692989650915568e-02
-9.781728471398215552e-03
2.514498831918260055e-02
9.360467712403765239e-02
9.190346955232463200e-02
-1.507681821722149304e-02
3.971706526881423061e-02
7.409482068843096375e-03
2.788112972812399962e-02
-1.408104729366397787e-02
-1.584010950808296611e-02
2.238856320391293189e-02
-2.130386294937273994e-03
3.117086870295958032e-02
8.480628249567381816e-02
9.358136517565521229e-02
3.207334906979646127e-02
5.494911330485643952e-02
6.898158574332176329e-02
9.503462758611538885e-02
9.339923939581626366e-02
9.774276927524196135e-02
7.214112201846102634e-02
-1.461500365593078506e-02
4.254408674860526984e-02
4.755781978402638666e-02
9.366321433471846980e-02
