8.061309145279769994e-03
5.712638428052327355e-02
4.693244287436411366e-02
-7.315056509563832438e-03
-8.455457575973124654e-03
9.020483803331869055e-02
4.356570007840278314e-02
1.919086989563432641e-02
3.212023291622809196e-02
4.634980567519739192e-02
3.878185141868831232e-02
2.627685349286645530e-02
3.977712760967824779e-02
4.041261831810918914e-02
-8.217041392771240460e-04
2.333024140705669200e-02
1.455137150016206152e-02
1.814857055378345588e-02
1.626240778009803781e-02
-1.403164303083630909e-02
7.074139135280750612e-02
4.983248481626806337e-02
2.292845189445656337e-02
7.413235990732885972e-02
-5.786072044058697406e-03
-8.556024089871504951e-03
-8.350428927715149510e-03
7.235746362484656025e-02
-1.853778440183986853e-03
2.521963033376751692e-02
2.299178252463265557e-02
4.586581168989450202e-03
5.664094640658666469e-02
5.413977188493510062e-02
8.771241104719995629e-05
9.243158417400128279e-02
3.203318384850187273e-02
3.242662410803789919e-02
-3.019073232024722941e-03
4.964744178630978166e-02
2.675354526276253406e-02
7.225458157176629925e-03
5.009120929339447997e-03
2.911059545627949982e-02
-1.465126323635587702e-04
6.290361034585283118e-02
8.972629185422874298e-02
5.681542208740602423e-03
1.348478713862618847e-02
9.988291619894951179e-02
