3.268295910816515493e-02
1.605731635354138223e-02
-7.568373473104305499e-03
1.748183267511028635e-02
1.073113342854552579e-02
7.629850610178288972e-02
7.373964429882413907e-02
9.189902794184551249e-04
9.612506488746910827e-02
8.926286739049242580e-02
1.757286602613386539e-03
8.730205151190151280e-02
7.214055501343724641e-02
6.924255969201874306e-02
3.608027048387335567e-02
5.445535498960041298e-02
-3.327200342936355304e-04
3.516652501065001268e-02
-1.034892641419864374e-02
2.837174444855760855e-02
4.725634891147613426e-02
8.804035158991325993e-02
1.431263970553780032e-02
5.082505659891731198e-02
7.222784039308340065e-02
2.267827578073821140e-02
4.039082324285840631e-02
-3.571354047264215653e-03
-6.697549171635957740e-03
2.788512445159037692e-02
8.245647287264770697e-02
2.965643706906849128e-02
6.171521365810982152e-02
2.020590995020359396e-02
3.965258188947259899e-02
-5.962896226811524938e-03
1.009254228048672014e-02
7.775619063519301211e-02
8.201187572065737896e-02
-3.500782337224100232e-03
-1.875276140755117310e-02
1.563575068034075977e-05
1.174275395234416694e-02
7.258497456531066983e-02
5.947874904274401409e-02
5.035035401825971313e-02
2.006365999571852257e-02
5.948333050412139833e-02
3.480874286152693675e-02
3.087180469713616746e-02
