8.294075260621715240e-02
-1.004769817338495470e-02
8.082240101608356708e-02
4.406452333604839178e-02
8.567914544223492745e-02
7.923463661143374803e-02
-1.280826129510318628e-02
-5.306863674914945317e-04
2.669120132168310497e-02
6.394624279331367900e-02
2.206303552550455474e-02
4.954517488046696061e-02
3.446279158870137194e-02
-1.944267932749889002e-02
9.634271687858759342e-03
1.292772388876302012e-02
7.881760994957573430e-02
1.631405285007020076e-02
1.595917176756897135e-02
5.916584087330427344e-02
5.886672229733924677e-02
1.935570591366974832e-02
6.096671157035679633e-02
3.703162205671675644e-02
1.392413833293202827e-02
9.694029300099850366e-02
6.807157687207596175e-02
7.788917248221347012e-02
2.392817550145842284e-02
7.219555640001872054e-02
8.522843057831347435e-02
5.712821268339808578e-02
7.072381560942141154e-02
3.008131319361290537e-02
9.286064954391066301e-03
-5.007241868360065226e-03
6.240220340407154342e-02
-1.894466525182848804e-02
8.960309669850712033e-02
5.499501831091704873e-02
5.115606829355030805e-02
5.295312634545791541e-02
5.016237786651571440e-02
8.719204293714817589e-02
2.484078294723892841e-02
-7.305429466571417355e-03
8.913199151088792294e-02
4.035417446136001229e-02
9.322189164818310558e-02
8.296157191133546327e-02
