8.041737764773264352e-02
-1.008690355438360622e-02
6.671478366831834483e-02
6.435448529868935397e-02
3.996106550545203140e-02
3.642454227819605372e-02
3.252529168365346501e-02
-9.864642804949972851e-03
1.694331958250791179e-02
6.100404749910345870e-02
3.338304575338223168e-02
-4.253501151148881415e-03
6.263197273898508943e-02
2.947415313439910936e-02
2.040291716201504332e-02
-1.202774902311822859e-02
2.356731375922666363e-02
4.626128163964191020e-02
1.954911772558895131e-02
3.693974644025099785e-02
2.418266609428021061e-02
5.232282758143860790e-02
7.131310356829251296e-02
6.290355426037103070e-02
6.845917402849550915e-02
4.686627621288753931e-02
3.746436397123760476e-02
5.255896777032550982e-02
-1.546139100953760129e-02
2.952686749447900813e-02
6.780005944375114280e-02
-1.795969171432391931e-02
5.540429496442039747e-02
6.348216317066963932e-02
7.384614856098446756e-03
7.513374849218587559e-02
2.177209040616993538e-02
4.031995984517092180e-02
7.636089629517470168e-02
9.344257311994427773e-02
8.153628328236144085e-02
9.347301486623511846e-02
5.918346991494879972e-02
3.199983727851643533e-03
5.017932432572612400e-02
2.716320287102527362e-02
9.981095696744135548e-02
8.874509591039730222e-03
5.879584461475351187e-02
6.962288085496266821e-02
