1.815107163221700223e-02
-4.338062986913145125e-03
4.612107243815789792e-02
9.313348852568643921e-02
7.600521271721086269e-02
1.364501518557388257e-02
8.955216270214975960e-02
3.459395590637397155e-02
-1.785627601779698689e-02
3.585811864553728467e-02
1.485991827939141599e-02
-8.357282879159093347e-03
5.581196043295304221e-02
2.554999609857124335e-02
9.578393611482088899e-02
2.045739766008527680e-02
3.391310040780286250e-02
4.689462001326302754e-02
-1.173967849626325610e-03
8.335280248735627007e-02
-1.657570948526733423e-02
8.271359617850780610e-02
5.794502380617808091e-02
1.088772022264445499e-03
6.906933470856153889e-02
8.617925148891575349e-02
7.993069396607842270e-02
9.363469485202953468e-02
4.694830087865513313e-02
7.744376565772019549e-02
8.336844410026277019e-02
4.017438046355244208e-02
8.702706388805270254e-02
4.149797621745335285e-02
2.767956549947269904e-02
6.558944442968613064e-02
4.602962532447071875e-02
3.951931036003671072e-02
6.569677576286758747e-02
4.513909678588629709e-03
1.188066692356635687e-02
8.000841237834187269e-02
-1.158147969421303297e-02
5.708122779825725024e-02
6.856327008036303128e-02
7.756416329090652650e-03
8.391120722158235123e-02
6.332082204586768348e-02
3.740695016709927323e-02
5.677511492695759554e-02
