5.435652648317367691e-03
8.870941706121507342e-02
-7.237344504747169130e-03
3.667604979443007257e-03
5.054194617868733308e-02
2.915349869187409612e-02
-5.858597304360148306e-04
1.768083683381274987e-02
4.645376081861274375e-04
-1.277565077335741928e-02
-1.882426153752534553e-03
4.348666508965159938e-02
3.025504270201431409e-02
-1.094812926620247241e-02
-5.425518472617265470e-03
-1.954157546593156616e-02
2.281130179323520232e-02
8.268447292125263859e-02
2.648831653807648054e-02
-5.277996645232997316e-03
8.043321038903385178e-02
3.100990521069477493e-02
2.728305996847721002e-02
2.733541892883502647e-02
4.325882013526995140e-03
7.226690502901804425e-04
9.442073808545219105e-03
7.451396661799607191e-02
9.696461584937832168e-02
3.532873271750210098e-02
8.139993524912285394e-02
2.242918284308274834e-03
6.192841524037866197e-02
-8.610097895673515106e-03
2.602108660302804646e-02
4.320160674211480367e-02
3.583452667443061401e-02
3.814361991809702562e-03
1.314001627922859253e-02
5.865144620695043193e-03
2.015899454309442659e-02
5.294218761897755143e-02
1.031165701858999945e-02
-2.782949120405112803e-03
3.249087200997723135e-02
8.156721527464193267e-02
-6.507375800012775782e-03
3.471164896072702344e-02
6.835324911886805910e-02
-7.582988211810456902e-03
