9.447982585179189041e-02
1.613162221476244565e-02
1.033041393337122416e-02
3.306326473179857506e-02
-1.867794782499165862e-02
3.002133207368734916e-02
1.256712506710996533e-02
5.395857963058670048e-02
-1.035546039428423236e-02
8.253762707130099519e-02
5.165421810025461191e-02
2.205459131272883080e-02
9.245562084533311131e-02
5.205609265701932609e-03
-1.111478593362882211e-03
7.712364658671000406e-02
-3.930379432145993807e-03
9.164198505947943052e-02
8.355661115699589137e-03
5.448897652088832005e-03
2.892854692476479542e-02
7.340402071487811542e-03
6.407090609937643455e-02
4.337164967810099026e-02
7.904787581956229658e-02
-1.986781814949763886e-03
3.768279387847905948e-03
-1.271204657023688317e-02
-1.408001915581050950e-02
4.404294830174390607e-02
9.691235805758015298e-02
5.442543515505933460e-02
6.430185152055790943e-02
4.470134754361415608e-02
-1.155367135843519619e-02
4.176800160131266537e-02
1.505061494010761711e-02
6.771485061880706119e-03
-2.562349280881046076e-03
9.904455167805574500e-02
8.084898371126014727e-02
3.719423427549398142e-02
1.661491452167495816e-02
7.285249649520743331e-02
7.409245876174928858e-02
7.568437293542487621e-02
5.575501263764241766e-02
3.542625570099997012e-02
6.457189555194621511e-02
9.185418389478995638e-02
