2.848840391220866866e-02
2.582610960355606611e-03
4.890683919639761401e-02
-1.297056582833765181e-03
4.896745294623142120e-02
4.480311428607997026e-02
-1.432754632737546358e-02
2.480138435616383377e-02
7.085173753964628396e-02
6.368067001137017735e-02
-7.269069653107132142e-03
2.784718714783987817e-02
3.923773437794338126e-02
3.771897061468405810e-02
8.516783433907333667e-02
2.092260940338142722e-03
1.588973666992379505e-02
3.520075055047613283e-03
1.047413428221902892e-02
1.190266455916226887e-02
9.614624894606341177e-02
9.673179624138336652e-02
7.905090202361322871e-02
3.589903089310228501e-02
1.222435023044701405e-02
4.360492189653833450e-02
3.264581325374921184e-02
3.285514063318902001e-02
8.717806273189386557e-02
7.760077143353644180e-02
4.216106207022585206e-02
9.222333392577572453e-02
7.141144140081349956e-02
3.999741566901418577e-02
1.621580665182529787e-02
2.774605500651468673e-02
-8.113204308009066765e-03
8.300234834680221552e-02
2.649243490973588952e-02
4.469374437747387907e-02
6.856626380453713365e-02
9.501711992622158265e-02
7.806348320639580618e-02
8.693465995501008237e-02
-8.770292099676137848e-03
4.580018876491681601e-02
3.079778527992739143e-02
3.600211694374073901e-02
-1.722142513379413403e-02
8.360514023505911940e-02
