9.118287545948915163e-02
5.426055899903364788e-02
6.664895207967456298e-03
1.307036370304366299e-02
3.159363987062237256e-02
-1.426856025963042784e-02
8.271176601677493467e-02
8.569629883423836303e-02
6.955584294849154192e-02
9.819836632788936370e-02
-9.364006642137158790e-03
8.324245573163029099e-02
6.502301023920439849e-02
8.208347038565215470e-02
5.582196849165574348e-02
1.780475345552530106e-02
8.326504967145204050e-02
-5.718994718412546280e-03
9.908074006600085804e-02
4.345125538250524388e-02
4.893686700999075323e-02
4.020570481408196339e-02
2.068582419656542562e-02
9.026953491865880030e-02
5.962245273578356541e-02
-1.876468314600554174e-02
3.793355254496991180e-03
3.520152407131721395e-02
-1.506899639785843140e-02
7.051261210973232274e-02
8.929547264240596249e-02
5.174168453578602278e-02
3.031682690656805138e-02
-1.665690608579726770e-02
-1.365510119958027527e-02
1.987252102020920994e-02
4.021472350166462040e-02
9.589314391411991878e-02
-2.201657703753467921e-03
7.240594199213068460e-02
9.543342533445496600e-02
1.041283405955351418e-02
4.095714886845887304e-02
8.724798141594852785e-02
2.292996465479557253e-02
5.216398167247000839e-02
4.162893185207285074e-02
6.999538201092041223e-02
1.867382110350871913e-02
1.939507337478210344e-02
