8.874372225308034545e-03
1.613515469122743518e-03
6.310824216392410535e-03
6.504036893039180645e-02
4.725648376975446346e-03
9.740224560165119949e-02
1.316620100527638240e-02
3.493025026646888465e-02
-2.938910569631043163e-03
7.298813897819531743e-03
3.820687402070849226e-02
-1.388409188684575253e-02
7.475813449431605029e-02
3.718952105122098895e-02
5.036337999893707174e-02
1.006362143144844817e-02
4.147417546152895595e-02
7.302115849685343607e-02
2.479666091708601985e-02
4.627770918754686713e-02
1.170636371356726171e-02
4.650335038065843418e-02
-6.717130769019202460e-03
4.688052955428441415e-02
-1.021817857628628916e-02
8.462386486247712447e-02
-1.803004572994650057e-02
9.904474303535161506e-02
8.881723280627353001e-02
1.487099872245114043e-02
-4.708118740121046766e-03
7.703719942559794642e-02
8.816614593662720767e-02
1.646304346855972586e-02
7.539228249518782621e-02
-1.615160939392739151e-02
9.511162470071650443e-02
5.589453107590635489e-03
6.622384990815363692e-02
6.064038945318273033e-02
1.213295295129068405e-02
-1.647732533030644986e-02
1.364527227236919313e-02
-7.607114569710415886e-04
3.654332815615082830e-02
7.268182520947866210e-02
8.232016602915191716e-02
8.040400010266073039e-02
1.784004201416050303e-02
-1.870510622798375946e-02
