5.734953355030403266e-02
6.069673559607549618e-02
-1.218445816112059647e-02
2.695805705474795325e-02
6.365571851990338426e-02
4.449048560818386067e-02
2.009762371882506046e-02
6.475242600613777266e-02
2.114946121170087692e-02
3.154266411263963177e-02
6.124189714345050495e-02
3.715277568551232645e-02
4.779540923229820548e-02
3.980459237030700703e-02
3.421206184302676145e-02
-1.713506236933391366e-02
6.421394652886437682e-02
1.678298206770540216e-02
8.357348658377897199e-02
6.629815110712002080e-02
-3.343889502183845785e-03
5.739885935489182078e-02
2.848580915705764549e-04
5.263125124588323434e-02
2.874436007643796712e-02
9.150394240778016164e-02
5.969115366893257280e-02
1.091491035964059844e-02
8.401531398196671052e-02
5.024521990820562944e-02
-6.508722044439991389e-03
1.207836740743869347e-03
7.181815385116914474e-02
-6.953421369644953096e-03
8.826158142181557420e-02
5.468879270847271101e-02
6.340460822666373064e-02
3.325095530173850789e-02
2.971804250061344660e-03
9.205651759639198184e-02
1.167426013428571677e-02
4.492446874925780376e-02
4.477363191280375049e-03
8.763721633703519531e-02
6.339818610875171123e-02
6.813373326089454396e-02
8.512996106138565056e-02
1.078708587893765711e-02
6.561132294765009698e-02
4.736015555792795484e-02
