8.418242156157593192e-05
9.734292479585972269e-02
4.846672431163207007e-02
1.837317099254211564e-02
8.775601348284878256e-02
1.185958244331410463e-02
2.650827557984226576e-02
4.465925044180328596e-02
-1.071899258721246972e-03
-1.264860338777799159e-02
5.401267031690147602e-02
3.809284857034515859e-02
8.057320843182834424e-02
5.646868901636103999e-02
3.007602599055831175e-02
-1.329405014463334520e-02
9.174986779078034282e-02
3.558224866966490374e-03
6.122093024107372328e-02
5.187639696823663493e-02
-4.129140411572133906e-04
7.960622796696084635e-02
6.512784951607340778e-02
7.320986033406341742e-02
5.418470610800422277e-03
8.104563713225569621e-02
-1.786011126712766864e-02
6.982846989709763641e-02
-1.259324553471433128e-02
3.233255470267672183e-02
-1.057400093185799014e-02
9.083002062155533241e-02
-1.653872827467562853e-02
3.402980842940608874e-02
7.492647549781590588e-02
9.908246620814364913e-02
-1.220472303287789551e-02
8.111827111702511750e-02
3.181846692385283115e-02
2.970370841909892798e-02
8.455851602994245153e-02
5.323357529694400236e-02
5.964966057511930653e-02
-7.238898642282082241e-04
3.853405463866825531e-02
7.663472664416146052e-02
-6.763769884136693750e-03
2.693324732623752701e-02
6.627120363552339855e-02
8.724652130045013054e-02
