9.654110800663152914e-02
-1.661311758481397172e-02
-9.314342642706851041e-03
3.803048900162425694e-02
2.452072490603297503e-02
3.733828062895870603e-02
1.400856014275915148e-02
2.412219786463805707e-02
1.017009408193375944e-02
3.646111142297264740e-02
3.182660195351744159e-02
-1.539327696227256459e-02
-1.202825948424299761e-02
8.014613997473668539e-02
9.126681562220738397e-02
6.657510149474746286e-02
-1.542673678579568886e-03
4.983095146036296830e-02
6.096054723513937013e-02
3.033524261113136958e-02
3.039650731377746204e-02
2.736825494179249627e-02
6.233202296514758767e-02
8.699791299688237889e-04
6.826309698353960620e-04
4.806411656611249417e-02
9.050981104134585981e-03
9.719326260434414666e-02
7.559262873339449296e-02
3.251431822223641022e-02
7.604027245499481169e-02
-6.530528627811435505e-03
7.964765737104130550e-02
5.339303113246948729e-02
3.193567892974120970e-02
1.910239988545181858e-02
7.345311215497461743e-02
-5.046197055588719921e-03
3.785154672665513864e-02
4.093687579635019169e-02
6.218735467339937817e-02
8.444450303359066212e-02
9.143093787629763547e-02
3.480190483660353107e-02
2.695223744302497823e-02
4.691780236346065891e-02
-1.528758063758024928e-02
2.795600612126266857e-02
9.580040414938068016e-02
3.830953061693173622e-02
