7.420893056714546188e-02
2.857235708732873067e-02
4.270273184796805066e-02
4.817888527665654952e-02
-1.242026185987232800e-03
8.416915409952475946e-02
4.731357441345782067e-02
-1.195869146987985424e-02
5.487919856323655171e-03
2.505947320918450530e-02
8.553169339694023654e-02
-8.253908029947546951e-03
2.374282533291946842e-02
7.025057437893629519e-02
7.257948411445114267e-03
8.426749491145926751e-02
1.569618244928309633e-02
1.408301785187940011e-02
5.281166219058949785e-02
2.836315101444844208e-02
5.411804313950356604e-02
4.988564208292144142e-02
7.451979640453693099e-02
3.659786490843550122e-02
7.151931537691098850e-02
8.225249034296656242e-03
-6.009611929711238323e-03
3.606260291245369509e-02
-1.521389823725107296e-02
7.522551070894950564e-02
9.182386298545777703e-02
6.768691704785453900e-02
5.564724797161131609e-02
2.179318299551266311e-02
3.387857928440844713e-02
5.872134337972596818e-02
7.665772013863253465e-02
-7.976595467991320562e-03
4.012926764297820859e-02
9.385580298662377086e-02
1.675439809797918747e-02
9.753711966653345888e-02
1.438478145207235451e-02
1.726317550513070329e-02
1.065208987859071407e-02
4.626175683225992874e-04
8.673610008581801589e-02
1.531456473893813564e-03
6.135811456004051923e-04
-4.618663382827471395e-03
