9.592783048909736543e-02
3.183196845103308803e-02
-1.840065685006086679e-02
1.053625662632570736e-02
-1.283278305771564515e-02
9.104742740909381460e-02
5.543598828990464744e-02
-1.686944279311080805e-02
6.755582399415996364e-02
7.923294301854416632e-02
6.340320816154182415e-03
5.000179653680141001e-02
8.266342097356697838e-02
1.338965785859467725e-02
2.920719849970250179e-02
8.039385264508893542e-03
7.370889051886920368e-03
1.991828783827151103e-02
9.126766330256656790e-02
7.244976887103554003e-03
4.539301408944539096e-02
8.632806901960894674e-02
6.404873523057570683e-02
-4.814171445459621348e-03
9.242244976147452606e-02
1.597173154476505194e-02
-6.591751567966638858e-03
1.280841294850395065e-02
5.644682196764450044e-02
6.887348674891903555e-02
9.934180209693092845e-02
2.121216431818265594e-02
6.946576998287315452e-02
-1.019975163894113433e-02
1.807514357137894254e-02
7.640141258749785780e-02
2.929213821418517535e-02
2.122148668332369398e-03
4.128475113728365120e-02
4.644553423534421299e-02
-1.516830460039398677e-02
5.875475996862324080e-02
2.288595865845842112e-02
-5.426260719527693094e-03
-1.804114154590086283e-02
6.149487950274298842e-03
6.757885122065236672e-02
-7.252436006284494752e-03
1.575830249969626187e-02
7.606461590221139102e-02
