7.693340338056142702e-02
4.927468581948780957e-02
2.304430214493681864e-02
5.259449323516017516e-02
7.618196052808237639e-03
8.169827267447395125e-03
-1.139749694622728404e-02
5.314045276935465412e-02
8.018248762228798177e-02
9.872911975784362526e-02
9.059537569162871840e-02
2.469047698383492265e-02
-5.110114627348239999e-03
7.309669603722719622e-02
1.995028529395472330e-02
6.256166118594989889e-02
3.752381368527760164e-02
2.249509871162874361e-02
5.635912758007942391e-02
7.345514053733813442e-03
9.052880027530081641e-02
7.265245885657048430e-02
9.956181271503686259e-02
7.516895542816343090e-02
9.404161615755833592e-02
5.244427469911004669e-02
7.747206747919717362e-02
-1.968564862133586821e-02
5.437518056468354510e-02
-8.707396895249743321e-03
4.684284335916673314e-02
4.548807249486069848e-02
6.674004224231376570e-02
6.481236112329026577e-02
2.570534321329732627e-02
6.893961616983006885e-03
4.411403192509838478e-02
3.649507903244317286e-02
5.807644430054938189e-02
9.552567549259506630e-02
9.273281165179721175e-02
1.234325196045760534e-02
5.304794980290281070e-02
6.691619604822994505e-02
5.826715963032966239e-02
1.382463136083513996e-02
-1.389635673569217938e-02
1.319223252611805355e-02
5.204420189307831790e-02
7.855357085904281222e-02
