2.251301936931267636e-02
8.671179451969460161e-02
7.006541314242414886e-02
9.989656301027105556e-04
4.591078834565898159e-02
-2.877548354028609118e-03
5.297573690482708375e-02
-1.643538929162312312e-02
6.541920167032679034e-03
4.212035167716901563e-02
5.026857885007599003e-02
1.914616410425258250e-02
7.705561463825033597e-02
6.569217874168789550e-02
7.982044105527805189e-02
1.455443714491587090e-02
5.871087456499936297e-02
1.454059146307420600e-02
8.735505755119253590e-02
5.603327429808971361e-03
4.288459831120562671e-02
7.263918751354514480e-02
3.485810084893817273e-02
7.292355698693706034e-02
-1.889954669005051990e-03
9.636303485773174693e-02
5.010756658996931567e-04
-1.851177297238139341e-02
3.818934601252504946e-02
-5.322858057154745970e-03
7.277106711363129365e-02
6.521291307372102664e-02
2.138938963568840293e-02
9.774863615118635496e-02
8.191725938578785227e-02
4.698565022548270576e-02
9.381644517518460125e-03
1.677515801047864061e-02
1.733995739967717983e-02
3.728105895975035444e-02
-5.029275517912927540e-03
6.634334430155884588e-02
-1.316732525364344361e-02
-1.672691860586518822e-02
-1.159072383819713392e-02
4.262704849865786572e-02
5.555464494025486033e-02
9.914080917437803619e-02
-2.716760406536160993e-03
1.482391256214380879e-02
