2.859662529024968938e-02
6.456114730029638427e-02
5.652265162157520118e-02
1.438278227587787630e-02
6.402199498358676633e-02
3.007502206027988165e-02
8.913840032829868643e-02
3.452546169781803287e-02
1.737786478077919458e-02
9.841682905400390979e-02
-9.042457195213389129e-03
2.863063363509047929e-02
7.057773774500381014e-02
1.572440013851807497e-02
5.306012673987479944e-02
4.745257574384623145e-02
6.593848425653377199e-02
-6.290836232672724140e-03
9.757950055111709597e-02
-9.029817810857156471e-03
-1.979059532481466932e-02
5.606737807250490591e-02
-2.514168763935498846e-03
6.202129888739506269e-02
8.335690661775820021e-02
5.150323363806300070e-02
6.888689774069665928e-04
-1.095965477958110550e-02
4.958098291933944746e-02
3.769645282093319477e-03
1.229451878516757066e-02
1.180902269519810630e-02
7.031085344100476697e-02
5.699338561652714241e-02
7.440283473444411766e-02
6.114396122303941694e-02
-5.660628582900723363e-03
6.167093974722433203e-02
8.866861862115667237e-02
4.839175220891465956e-03
6.814306138713278893e-02
7.323229713757657688e-02
6.551729332049588406e-02
5.966919041718866945e-02
-8.981958576274977346e-03
1.950873574215038556e-02
4.263765433354851919e-02
7.435715733448895748e-02
9.735778213566913253e-02
4.089801905036699603e-02
