3.665116652614586190e-02
-8.207410531939456078e-03
1.351368745254863044e-02
2.903090199858796364e-02
-1.413813069806695022e-03
4.666749034748571279e-02
7.818443440767126884e-02
5.806756345408073394e-03
6.988714771839311946e-02
3.717455913973759241e-02
2.030374040352344797e-02
-9.959349880866339225e-03
5.393497809331584958e-02
7.693235144711173257e-04
3.698620974754353308e-03
7.614976315615169800e-02
8.903677748273339243e-02
1.466047652586670302e-03
1.832083688663884921e-02
1.372776879821916221e-02
-5.888469123574747999e-04
3.983985188706964942e-02
9.457605697865816008e-02
1.724943612941415988e-03
-2.395997397009928809e-03
2.230589062403453768e-02
7.463391131060972961e-02
7.199523536138591195e-02
9.760556888100679895e-02
7.081497927327931596e-02
-2.544836151121266515e-03
8.749747976443703057e-02
9.291970394734935801e-02
8.403411086048573342e-02
4.994891174461622840e-02
4.786317284404169314e-02
1.673398664868394267e-02
5.131759848477376873e-02
8.043304591748959287e-02
-1.732378016414065983e-02
7.420456104607645043e-02
3.624205600753686862e-02
4.216740537189844762e-04
4.353717503064316596e-02
4.674428883817254021e-02
9.880430403569158415e-02
4.376284108524283734e-02
5.983182920318009385e-03
5.722931308005096973e-02
-6.935998882398907925e-03
