3.588540807278566003e-02
3.924760965537764379e-02
2.230231620552462768e-03
3.676608353019632236e-03
1.674977736625178279e-02
8.702968428070029239e-02
7.053080808094190635e-02
9.000120784397089291e-02
1.459902798939952465e-02
5.956090895149375453e-02
2.601551099196709391e-02
3.529835890669674736e-02
-2.339505218236944545e-03
3.249806720813391836e-02
6.350322930906213137e-02
1.434387564105308807e-02
2.907462348099113317e-02
3.130055681026547298e-02
6.890125793342460891e-02
-1.037627567794237489e-02
6.176521583745468724e-02
-6.278546914372594434e-03
-1.186059446067419705e-02
6.363099720415178739e-02
4.540968802633846280e-02
3.383531723594367102e-02
7.363071192965399414e-02
4.271909680883723137e-02
8.736363589084698844e-02
9.902921936875189179e-02
-3.717698423372495231e-03
6.494554737328564475e-02
4.807519914485236523e-02
9.618058617629066109e-02
-2.867165169181094125e-03
8.742851113905368565e-02
-2.627456953470091311e-03
5.709672660167405822e-02
1.134673537586497818e-02
-8.948954922384903116e-03
7.554623199165838576e-02
3.978356379431610690e-02
4.735162437503202815e-02
-1.488771486852800974e-02
8.875142312205787365e-02
3.557591689606080798e-02
3.990930911652416924e-02
1.514933233153643519e-02
7.247964595995895487e-02
6.910287108454575555e-02
