7.814875185512304423e-02
6.890031419895217141e-03
2.939476059600599003e-02
-1.161221342950057023e-02
-1.240577788788388425e-02
3.285654916373145773e-02
4.506205992079351241e-02
6.025084719215437201e-03
6.565334512015265356e-02
4.144097112069976274e-02
3.255862507559631469e-03
1.987758421277113427e-02
-1.131029040810308320e-02
6.186115853015028421e-02
-9.465029982425309310e-03
6.683372542445546738e-03
-1.668073432305503673e-02
-4.125945224101559144e-03
9.424995663312928096e-02
6.958885559283239236e-03
-8.761643661992550569e-03
-8.650042317883155710e-03
1.453213225702310388e-02
-1.657138317453428489e-02
2.633219415809541844e-02
9.252794647315241983e-02
3.160191478750823402e-03
2.175724958036511641e-03
1.068711672159958562e-02
7.098505029438975655e-02
3.071044513438824300e-02
3.295227204375299201e-02
4.946200642350244425e-02
-8.670219295105443397e-03
5.790003732451229346e-02
6.096043548851369509e-03
-7.028063467931139341e-03
4.623583353352819780e-02
9.956831286839641637e-02
6.981241719079918362e-02
3.004904656129582172e-02
6.375925813846207435e-02
4.162734770476027996e-03
4.800545544528557473e-02
7.239334957860978081e-02
5.253114564043995238e-03
5.457338270177991557e-02
5.956389954911621432e-03
3.732274476584236667e-02
7.024595753447535063e-04
