9.941583950198795705e-02
-1.275740367230594752e-02
3.889795548582732077e-02
3.649308020602655411e-02
1.525803017235682554e-02
7.809299626505922243e-03
4.743508892311104619e-02
8.983393540906389751e-02
-1.832311735443374959e-02
7.933229297786274781e-02
6.123520437032857477e-02
5.720270785591545504e-02
-1.722027967983279922e-02
-1.833541841298171743e-02
6.067701687748454364e-02
1.603704962542620502e-02
3.134803501487139210e-02
-5.659184684101198695e-03
8.330839719543825517e-02
-1.308103031915416881e-02
3.614040160281432879e-03
1.997668161920744881e-02
-2.448829496389456906e-03
5.076824161701656152e-03
7.674019985175706271e-02
3.993109379135999226e-02
-1.298654053416887708e-02
9.498046216089979510e-02
-6.517064625717935294e-03
1.831719017719444717e-02
6.485143820030665751e-02
2.786316508145831802e-02
9.911759218282116535e-02
-1.422543675375993397e-02
6.032491581843152373e-02
2.389189041021179752e-02
6.280324285145601898e-03
-1.636246839624812266e-02
5.954392547365040811e-02
-4.577332431955122641e-03
1.082453048584886696e-03
9.538341892601302774e-02
5.968547809655441738e-02
6.743015805237143057e-02
9.541621612763478977e-02
8.562816908209548716e-02
5.679960112370985303e-02
6.607041128000300245e-02
9.780354137775706946e-02
4.557366946934267304e-02
