3.839058354914627602e-02
3.335423268991127843e-02
-9.345943237231141634e-03
8.813424201731311081e-02
4.269035789682899817e-02
5.018330879392422783e-02
6.699434625689641709e-02
8.369090472810432335e-02
2.681177954792176785e-02
2.572966501682949145e-02
8.698146479735449632e-02
-1.654911333234565518e-02
2.160506472351541099e-02
7.638870229637846621e-02
2.188678037859853598e-03
3.821437305091190950e-02
5.892790233871264549e-02
1.342337876688199858e-02
6.540113448536259699e-02
3.104711119515971354e-02
4.615224386625706166e-02
7.111462837456269948e-04
3.736143686581815115e-02
8.713280252170811646e-02
-8.404331592800455553e-03
7.127317778232747369e-02
8.653708767680513836e-02
7.926842845740710020e-02
9.946079283021122541e-02
6.969839413511173809e-02
2.453256714368392752e-02
7.399476030531176862e-02
-5.890656513494522267e-03
8.915220623013098145e-02
-9.425871920257114164e-03
4.791648778067390813e-02
6.267555538333229037e-02
5.129608731995183996e-03
8.680334539406295291e-02
8.426902986938117346e-02
-1.468847146234068812e-03
-1.662772685827976910e-02
4.587178175654693657e-02
2.841546411704830646e-02
-1.187327653397109162e-02
2.912012074169634257e-03
3.289257429135275523e-02
3.834756549309423224e-02
8.834377401769588634e-02
3.780484385337665176e-02
