1.690921193839684325e-02
6.372338250142330074e-02
6.267527449606172252e-02
5.047004530985975401e-02
-1.603507197805066967e-02
9.358167780514994871e-02
9.532060614904147577e-02
-7.687683820085519301e-03
6.564541912065430251e-03
1.234783638788643570e-02
4.352447201401078714e-02
3.752388525702021749e-02
4.569194472419053910e-03
1.939652447180189102e-02
6.041629765022415999e-02
5.074400501867562530e-02
8.591125307645622322e-03
1.026378991673002061e-02
-5.988778643978717731e-03
6.324212783977546659e-02
3.428525137324722749e-02
5.797014241925017852e-03
2.501498245457557321e-02
-7.095652539175349369e-03
2.950529840414958457e-02
2.216386197764428842e-02
5.656296898401647066e-02
1.515983552857287295e-02
7.352350082123836061e-02
7.987687757626787954e-02
5.607248790659857818e-02
8.709001179211384169e-02
7.922288646208848484e-02
4.911623876103586583e-02
1.960808604117051865e-02
6.397174377582412474e-02
4.469785679880523832e-02
2.036995461436792373e-02
5.223456424779011897e-03
5.747071790875482589e-02
6.985307750002558991e-02
5.874449338975271800e-03
5.166747375617397608e-02
5.142739820535929818e-02
9.103408695318943034e-02
2.355758515054575883e-02
9.321697468685893884e-02
6.712687783248490192e-02
-1.405346857841911420e-02
-1.692809757218656161e-02
