7.376314324978050507e-02
2.997714894083152934e-02
5.444273328331472594e-02
3.241014725554593190e-02
9.544877209648741645e-02
8.802713595934916202e-02
2.230041359916577412e-02
2.530429760953085624e-02
-1.147700011935754924e-02
-1.371304315142665708e-03
1.371917157955866370e-02
3.478069793425955791e-02
2.248737067039210599e-02
5.732749368372408449e-02
2.221217410746026757e-02
1.253722005749794213e-02
-5.668470469159808331e-03
3.872503174052726455e-03
3.178147445660930992e-02
4.009232402607137979e-02
4.474584905025726089e-02
-1.370860572090180918e-02
8.138529236849564863e-02
1.969793799052561509e-02
9.102182510404027704e-02
7.638303319784491008e-02
9.347740523208367125e-02
1.135799319839149793e-02
3.138972997675613941e-02
3.012321421704977284e-02
8.997526334601289866e-02
-4.660265852765545919e-03
3.248209210374002065e-02
7.662864348969111727e-02
9.340221250576619116e-02
6.429713163284600519e-02
7.655516420406667522e-02
7.004549191282441467e-02
7.272163605512944884e-02
3.255378426758101518e-02
-8.963240903271154844e-03
1.908081382622734551e-03
9.861238182839172917e-02
1.611815201018355556e-02
8.473405658886257880e-03
9.331626044842535050e-02
2.448470918850975675e-03
1.700739132025208197e-02
8.924528138335374727e-02
2.149093305925473679e-03
