-1.959531415210421026e-02
5.643967746776536176e-03
6.952227577513593604e-02
4.276833534203886011e-02
3.881626480626279574e-02
1.104775459393933512e-02
4.038854105158942720e-02
3.449560991168151847e-02
5.249512833176499249e-02
-1.015935011613953130e-02
8.403598217500350687e-02
3.789522926071557662e-02
-1.307228818461590725e-02
6.391615456180933796e-02
7.772532361786889388e-02
1.102648742444775967e-02
6.951073243771499488e-02
9.728669623714999992e-02
1.277477781314166963e-02
4.804352843028088238e-02
5.153574250342188301e-02
9.780571876776553153e-02
3.094866707689544402e-02
-1.955004222045591405e-02
3.382091682094517937e-02
8.607049843778728782e-02
6.590028031859201940e-02
6.475355136537759571e-02
4.710077854935550146e-02
-1.488130099157478070e-02
4.593125663948234572e-02
1.678951411415298758e-02
8.138608083662926540e-02
-1.139592355774353069e-02
6.334483643532773378e-02
1.571501675460053662e-02
6.547585013951276456e-02
-1.134674107109111263e-02
-1.013890651436432679e-02
-1.484972398274355711e-02
8.855556425662396147e-02
9.048460654335527265e-02
9.215227232650513578e-02
-1.538176171394737939e-02
8.516863930160184504e-02
2.986824351345046882e-02
-1.025113162695434968e-02
5.797680794290974160e-02
9.125549081418553310e-02
7.518703973565825371e-02
