5.868504305125614440e-02
1.409975088431441800e-02
9.891651806431009386e-02
3.827899156131257807e-02
3.255799736814946055e-02
9.240006059738230249e-02
1.816720323197253475e-02
9.222446801186093279e-02
2.726901497765744573e-02
8.074219950359277920e-02
6.881019566282532696e-02
-1.011785570912642623e-02
6.382050313737258618e-03
1.457666207879549855e-02
2.689358660764966727e-02
-5.909018494817917799e-04
2.207287840995472358e-02
3.559165239753465937e-02
5.553728279360534148e-02
-7.171394304105320125e-03
8.716551743518577422e-02
6.568737127672637233e-02
6.291047289651044427e-02
7.221965114606988811e-02
4.514148243494571500e-02
1.549716002067999185e-02
6.982364177908470526e-03
-1.731801005885393735e-02
2.408803274543353315e-02
9.700818558303633821e-02
8.838399549892535234e-02
8.079471055459146178e-02
-1.185536608283582934e-02
1.393979585053811351e-02
5.611279357801771117e-02
4.441199688520673650e-02
-1.791355122936155383e-02
3.448210112747557288e-02
8.071952608715700361e-02
5.392431123453123032e-02
6.177098611084447244e-02
3.119886179256492129e-02
-2.089334267008986085e-03
8.122520105255744138e-02
-4.091643337817457010e-03
9.155518665769231401e-02
2.330963150545778753e-02
9.249358984031279263e-02
4.768179009736663032e-02
2.358568247075277027e-02
