3.011609879814599808e-02
8.681083488913517165e-02
9.560802499270953936e-02
7.436919492410683230e-02
-1.427577256918025408e-02
8.499057777058083296e-02
5.664821657072285910e-02
3.975825917235209506e-02
1.688477354433174163e-02
7.526910364969938150e-02
2.938345709803808284e-02
1.363697530332133243e-02
9.555037576886520057e-02
8.971336598820445207e-02
7.273768287973991775e-02
7.498129547883213009e-02
1.744731194926190179e-02
6.690171753208927485e-02
2.618534688706563099e-02
9.155726695355027867e-02
8.228321236664240534e-03
-1.682765472080319583e-02
8.335887044510757737e-02
2.234818734100015372e-02
8.973986070257723713e-02
7.859483626259672340e-02
4.860243007209551214e-02
8.832319014890198383e-02
6.037287725436223107e-02
2.946042595052528537e-02
1.305441065804229320e-02
5.742492530637786918e-02
6.286770740097594873e-03
7.443938063720258180e-02
8.185745247877618258e-02
3.967876065627405635e-02
7.582846984581646799e-02
-7.153974886021425075e-03
1.928702743236306721e-03
5.676113373620231273e-02
-7.725333880253017205e-03
1.308872286411222677e-02
2.726203936180697854e-02
3.690145114307666341e-02
1.127116427661965445e-02
6.074345958965905734e-02
4.674085878557988211e-03
5.158422916991009521e-02
9.007643795084836758e-02
-4.386034128547268776e-03
