2.592535584165250526e-02
2.581042420463475207e-03
5.046792925905559113e-02
8.792065389662764852e-02
5.292135369026834679e-02
3.781482038004678470e-02
3.544065115539698357e-03
8.702586998800949936e-03
6.032683863733945967e-03
-1.037972217470762085e-02
5.446586159871286137e-02
3.465249427690719752e-05
-5.746325545877119592e-03
4.342078300138056679e-02
7.937859900909531585e-02
7.697492833589737737e-02
4.498249645967210275e-02
1.209191582338480300e-02
7.313152599166806989e-02
2.302154056943609209e-02
4.541674735921781558e-02
3.375762271982130081e-02
9.319957923237344455e-02
9.306434187095587174e-02
8.940374307380383190e-02
1.347802607054953555e-03
5.280649510886990805e-04
6.599090305668305068e-02
3.034336784796288697e-02
6.672632205032971719e-02
1.518783707121949475e-02
1.019540811908054359e-02
1.453800474129279124e-03
8.807030287180080130e-02
6.472553546131809554e-02
-3.082062336826712351e-03
5.950126480388048811e-02
3.113742841138680481e-02
-6.929119992779718754e-03
3.857114435921514539e-02
1.833124557528886464e-02
5.427802370294861067e-02
1.468631878155281581e-02
2.266763606181211241e-02
6.612322000183143422e-02
6.501221978469264029e-02
8.339775514446430560e-02
-8.309127043900747106e-03
1.182877734170972861e-03
5.541931278050037102e-02
