3.067254991610566736e-02
1.679013955997283106e-02
5.288568525035314272e-02
-2.424094080224120651e-03
5.768209229047824294e-02
6.238415975362826549e-02
-1.147232716928874713e-02
8.683240980237209861e-02
1.434968180621083375e-02
-1.330758012609394719e-02
3.622771901873163281e-03
8.457642155275507667e-02
4.913000339707911113e-02
5.277409962304166480e-02
8.667890831179120292e-02
7.012496270538236265e-02
2.457955020789026265e-02
3.649666689247911544e-02
6.128427928865827490e-02
4.344225105275108245e-02
8.850588431832694114e-02
4.976166071217773268e-02
8.035245621740544353e-02
5.190591397498546533e-02
6.298742996418246753e-02
2.684752720398375300e-02
2.580821929474014578e-02
7.468690560990909333e-02
2.069824736683718511e-02
5.611151524030133508e-02
7.708578377040593843e-03
-1.712240646979826947e-02
9.351252543432476971e-02
4.951905624940411421e-02
3.189259123965042242e-02
-4.542107974336608012e-04
8.023600046680486042e-02
9.866875561329777056e-02
1.317744541713180423e-03
5.103098427369490153e-02
9.191109822313182909e-02
1.467857130794661055e-02
6.320962935823294659e-02
6.325287321011913155e-02
8.867738020990262315e-02
2.970713522863431197e-02
7.904633112666856198e-02
7.441689202839565920e-02
7.873258773059152449e-02
3.625292947747216221e-02
