-5.027751223770686451e-03
6.707598338119521997e-02
4.376249482030565574e-02
4.771253466877937999e-02
-7.757136703283715531e-03
5.847422140645248956e-02
4.766111072993821363e-02
4.122968177618564767e-02
2.550926407787713554e-02
2.173111728186861644e-02
3.771450565138537159e-02
-4.939962813432100322e-03
7.941364241968541793e-02
1.236059081975849835e-02
-1.070894875422783062e-02
-8.554957212916658449e-03
-6.109158690020648208e-03
6.079309070231607437e-02
7.670406706926294338e-02
-1.479946662310533539e-02
8.095924952524488627e-02
1.619156953500927934e-02
3.117795669840366449e-02
6.379895511581483436e-02
5.328487598470624254e-02
3.497115502432049383e-03
4.913447888084372661e-02
1.542680367081287682e-02
5.197543375390732689e-02
-1.470679954045234911e-02
-1.372589840805107930e-02
5.764536952337434572e-02
4.324472762955849925e-02
4.977383474925249629e-02
2.415665699149885728e-02
1.295556528393545029e-02
6.758381219206463508e-02
-7.958840722623539143e-03
7.345394846228647801e-02
1.305382691761737199e-02
9.597090984635864991e-03
2.469562580174512398e-02
6.012245460831108779e-02
6.242362304569228082e-02
9.972402479092046246e-02
3.238107296348387287e-02
6.508591641772042136e-02
5.887360905325343674e-02
3.589303969672634487e-02
9.969374327448805861e-02
