-1.362934463095072553e-02
8.492232988025630314e-02
1.996607453152556347e-02
-9.845804778689747766e-03
1.869577945597166932e-02
-5.478733927726499309e-03
3.143847036898707314e-02
8.521983425899004594e-02
4.992612793975904906e-02
4.468712420627728166e-02
-4.307618742336039031e-04
2.798183123050188362e-02
2.290480435610045204e-02
8.778388603553989589e-02
6.696134829867271543e-02
8.892352998321219337e-02
4.571081972611372446e-02
2.519373090616647964e-03
3.563474797493984547e-02
8.605314882102135798e-02
6.867326730867916174e-02
6.129314079131656379e-02
6.405293525493556406e-02
-1.294513763795475392e-03
8.201830088894158932e-02
1.424271666659091343e-02
2.956267696436077827e-02
6.986099584739082630e-03
3.687138715824943985e-03
5.481807753232507963e-02
-2.318242448963479113e-03
9.139054316035695458e-02
5.692028746936010630e-02
2.225719832693919334e-02
8.042713745015232785e-02
2.216424194940746703e-02
-1.791040177695758101e-03
6.076803016964313353e-02
9.110094031627932049e-03
5.197130663865939804e-02
8.864822031283792203e-02
9.318323948043280569e-02
6.963102195193350552e-02
4.855791458314923092e-02
-3.877392740588125886e-03
7.444068263950502640e-02
7.504294838577242610e-02
9.420800905257778468e-02
8.956499809321344374e-02
-1.850313962322452585e-02
