8.181326593045439022e-02
4.987253516350392823e-02
1.357521403931754092e-02
5.356879902480662925e-02
4.590052768645191961e-02
-6.226567777402105056e-03
5.005387942444884664e-02
-1.415689794871400134e-02
1.743503132564249922e-02
4.775820733968774712e-02
7.451378424556992508e-02
4.942874691239024232e-03
7.259843155512760160e-02
3.928384228250035581e-02
-3.767310640736223903e-03
2.989111864721725673e-02
4.924103934366630408e-02
5.052526076819535000e-03
6.916206378276204547e-02
9.618019221435715471e-03
1.103827274113629298e-03
3.850459429309355253e-02
1.115425082131363266e-02
6.190722420000126236e-02
7.809072072647618712e-02
7.994495685544843189e-02
8.494299655474799038e-02
6.127490552034173255e-02
6.855515316865293945e-03
8.538973872194571824e-03
9.548606845047033498e-02
7.307460398790999179e-02
1.407657040500635490e-02
4.331147610456766162e-02
-8.397769098458870637e-03
6.419418179880199971e-02
5.025099704477820062e-02
9.373054512499075230e-02
1.052871353678136446e-02
2.932658500108603281e-02
-9.403963553822584573e-03
3.926843795113284241e-02
-1.621827678947446519e-02
-7.277154368096633991e-03
3.047693478666481035e-02
5.258574972873665543e-02
1.066898960764469176e-02
1.447493117551567135e-02
7.780742338921563250e-02
5.444193647691757121e-02
