4.022064755470666775e-02
3.466973444424008288e-02
-1.498468302422718314e-02
8.158024417139139728e-02
7.012463961973394722e-02
1.402850414349462657e-02
6.277562939925410146e-02
1.567669667456717333e-02
6.349375917073374342e-02
7.549855483313282212e-02
8.215917370126359087e-02
2.399440401207207293e-02
5.363444719078001854e-02
2.130819948307169712e-02
8.030653113694422029e-02
1.397844265533035660e-02
4.036595627980223838e-03
6.372059562022591717e-02
5.062146119125431054e-02
5.249611690282467158e-02
3.561652698256360938e-02
9.488903529348628740e-02
-4.473188875268875944e-03
2.365670338755949606e-02
8.572453570508670184e-02
-1.630298619908123262e-02
8.499793956713454224e-02
1.565315509856148382e-02
7.277542287327137815e-02
6.795668097001029972e-02
-2.872754564141776629e-03
8.764178496418550957e-02
2.642658970099450930e-02
8.380428728465828120e-03
3.032674660111736240e-02
2.747605995490141895e-03
-1.334817471172797254e-03
4.822813112626621324e-02
3.687473958057185808e-02
2.381660711673931966e-02
9.084857158571206515e-02
3.979275397753488652e-02
3.519677899440429303e-02
8.041607288852074820e-02
-1.794021780819649373e-02
1.248753649313627881e-02
2.154220246650317624e-02
5.751223133455743430e-02
2.820831065780984512e-02
8.324478157239356690e-02
