7.964724366350363349e-02
1.409943419523813565e-02
8.414123949913113187e-02
6.363046009553412208e-02
3.420615039856382544e-02
8.575642775539002449e-02
5.256878846775066283e-02
2.978279398410262416e-02
8.447660185218464068e-02
2.129842177414261947e-02
3.956854338161616691e-02
6.508660070668360886e-02
3.612825374520096944e-02
3.052530090952961309e-02
-1.576299192833644294e-02
8.679653597206743454e-02
9.486650084103366576e-02
6.635950205368573718e-02
1.378953429442775214e-03
7.143916901066488245e-02
-1.911231834443265915e-02
7.038566291126882590e-02
5.203476526899260268e-02
-9.382295308181144364e-03
8.372194811029894101e-02
2.663875958322181256e-02
2.016579475967966370e-02
9.063477275153410118e-02
4.317049383930317286e-02
9.568400657605920234e-02
5.793004305650246988e-02
8.201436401500006301e-02
3.762893798969933756e-02
2.438878394680405251e-02
4.577556790328227154e-02
-3.827042434754804323e-03
6.493211114590539956e-02
-8.707042083989225204e-03
8.148219085084281582e-03
3.185928602091757378e-02
-1.312226660968103704e-02
7.841212150029194805e-02
4.046496950754929767e-02
-2.510815920551127955e-03
2.148290977289343817e-03
9.917511536181240761e-02
9.568882161024038630e-03
2.528507960787025957e-02
4.031560641712444992e-02
2.743454629659696289e-02
