3.103524884544383786e-02
1.137502386113011313e-02
8.065276443801346062e-02
-1.133593095073466214e-02
6.389104864150867147e-02
-1.816768584832514216e-02
3.759821232680848890e-02
4.292795224306017454e-02
1.637044130419755203e-02
9.230374184391833270e-02
-8.579863866820969243e-03
-8.321066456182350801e-04
3.900480493348591760e-02
4.694618785569078245e-02
3.545491107667497754e-02
8.830007844199522227e-02
2.567440934751205259e-02
-1.191854299799349932e-02
2.129761546055363233e-02
9.588982037884012655e-02
7.866239375327273298e-02
3.552618769363213858e-02
8.756789306265211348e-02
-8.490463564309580144e-03
7.264642669126587793e-02
-1.538450082874968754e-02
2.603665374852960276e-02
5.637010154207054702e-02
1.732377406894979391e-02
4.471163701288935477e-02
-9.090707148035889057e-03
2.425586536062370249e-02
6.368995122307677392e-02
-1.314699670963470277e-02
4.324359629980688291e-02
1.830275967500063009e-02
7.268519013236064696e-02
9.654954627368253495e-02
2.708141957786380435e-02
1.576171968467694404e-02
4.726008499485043202e-02
8.957518623089813503e-02
4.910899270903937297e-02
5.843812458586970793e-02
5.352611372595657280e-02
7.761413303391224983e-02
3.933135545399604749e-02
5.941020069192004538e-02
8.462886334086430762e-02
4.111170028898931961e-02
