8.096589046092533826e-02
7.957378490101321700e-02
9.617340992874287564e-02
3.449158979031503869e-02
-8.215649069421475728e-03
9.644306627481480376e-02
1.840043179828451322e-02
3.461164072318267948e-02
6.030030066723930660e-04
2.873707296678528963e-02
4.994573002992240551e-02
5.773910345982027903e-02
7.942723737540743900e-02
5.496848907697665654e-02
2.366056696446255589e-02
6.848959794816827928e-02
1.133326480864771044e-02
-5.967024625035803956e-03
-1.667094864513666425e-02
4.347967768231102148e-02
1.486633023938405476e-02
5.182694554393517394e-02
8.190018320571278154e-02
4.287013091889825545e-02
5.408952921396097124e-02
8.004677682368976921e-02
7.455893979899340385e-02
3.541652394523775449e-02
2.995410304766289028e-03
3.644861616909743363e-02
5.173856401461572607e-02
9.526586873535435041e-03
1.869351649432610465e-02
2.937799536291537880e-02
2.051119580136416196e-02
6.317190007839118548e-03
6.495381314124140659e-02
4.887535274378243533e-02
9.543997959540194420e-02
7.900489945524277052e-03
6.776789792978070437e-04
8.687736927983503998e-02
-1.435403850992435226e-02
8.998922353026836407e-02
8.232588807719558310e-02
8.536579228317558998e-02
9.246704392226594293e-02
8.984208874066376693e-02
5.251426100660870622e-02
9.182967148208996677e-02
