1.904980614540530137e-03
3.860612505379253101e-02
-7.665134534821163581e-04
5.684333592204032781e-02
3.057152136133821710e-02
3.400702739350848491e-02
4.872412506801253318e-02
9.046511650115329761e-02
2.241792766537180001e-02
9.339168132203028161e-02
5.906051827068420357e-02
-1.225718043610140098e-02
2.472756342785524877e-02
-1.736108406816223512e-02
1.756027908276975788e-02
6.082197022749942505e-02
5.870534919092187942e-02
5.937191602523687883e-02
-1.843806177514481157e-02
1.151803586461795301e-02
8.989452381974908507e-03
7.066887138180243111e-02
-1.329394233639983117e-02
6.536573775013358734e-02
-1.243223218727939824e-02
4.576919720986477591e-02
6.668790502437743628e-02
7.307958527078797784e-02
-2.495350151691482637e-03
8.474381150668063023e-02
3.847951447243723455e-02
4.549422853816492696e-02
-1.017219663610530872e-03
7.277872847405358891e-02
7.804791885666208240e-02
5.937795235146511863e-02
7.762944475468516736e-02
-1.574376046254502559e-04
8.954921879055156159e-03
-1.347920591275429333e-02
1.297983964777056284e-02
8.245401289455887850e-02
2.677357221215423064e-02
5.583208571167085077e-02
9.061904990518222791e-02
3.399377086268362547e-02
7.228578104129654291e-02
-1.864918590777445151e-02
7.568950779459178435e-02
5.902771586034594176e-02
