4.138512813828473802e-02
6.993271958625987827e-02
3.259130374428736987e-02
8.385943235077000790e-02
7.705787238035954889e-02
-1.271808257081827841e-02
1.884246718248443545e-02
6.035372340946273950e-02
5.765096996710061816e-02
3.509854363036027380e-02
5.699572294253402865e-03
2.107148146863047425e-02
3.871758679904743067e-03
8.990013630956304735e-02
6.305255361500283762e-02
4.497629850255623063e-02
5.534276119847500452e-02
5.061599399169898483e-02
4.113460637041893575e-02
1.147306750076931489e-02
3.373944125678728090e-02
5.680247164490510869e-03
-1.090444862760051037e-02
3.033541662741172720e-02
3.514692336979957643e-02
9.969491196121801901e-02
6.879875980627876697e-02
-1.443321734707141493e-02
2.045431443478908443e-02
9.779792112092480783e-02
-1.615125170080095388e-02
-1.370251774720120629e-02
-1.640532496503167501e-02
1.940985871379924052e-02
2.098735600398181009e-02
8.890952920052044850e-02
-1.022084800122517040e-02
9.888454235294424910e-02
5.333687057509557683e-02
7.678385559359070245e-02
5.523386614795400273e-03
6.804743059117290827e-02
1.441083222015795626e-02
7.897087739212829693e-02
2.615764332377409560e-02
8.271456176708422148e-02
2.435769221691268596e-02
-1.246129776289031654e-02
-1.866784647264804753e-02
-2.253529532138500574e-03
