5.219528453347728469e-02
2.918098778200811996e-02
5.542140576502305183e-03
8.881446566763565031e-02
4.576556636801183686e-02
2.013953338085376285e-02
5.698064006989010666e-02
9.134779902471100443e-03
-8.448232488608650032e-03
1.526077829247180287e-02
6.406613940660227380e-02
1.111800437817999157e-02
2.090445448190192748e-02
6.078921195067976679e-02
6.869378845460594185e-02
6.312342243732309288e-02
7.308886515819928986e-02
4.282539327609299895e-02
3.907018341364476566e-02
9.057838390247652249e-02
-1.064962371274506131e-02
3.639285496967381572e-02
4.263244006445027212e-02
-8.421007110822800040e-03
1.840213384888208029e-02
3.204684789893852415e-02
9.507787324105512750e-02
3.850126742827557347e-02
7.415252246270277736e-02
8.425527356153818259e-02
8.186349793882778669e-02
6.217338592726794066e-02
4.888455711361512634e-02
2.829523647083827601e-02
5.295596622572860956e-03
-1.756129551371900938e-02
1.515941202204148727e-02
2.897915815186361335e-02
4.625715968539520495e-02
-1.776038641151343397e-02
5.979266523941272060e-02
6.612816680360909805e-02
1.869713424184362219e-02
-1.125933776763052806e-02
5.059588617964001778e-02
4.413467913941974963e-02
8.396349630073436654e-02
-4.659273012308390652e-03
9.854662556309945476e-02
7.810107552692956145e-02
