8.372758976762778582e-02
-1.050078632037348969e-05
4.732170328858463504e-02
-8.179153864249257000e-04
6.682882744300060185e-02
8.073371444691644638e-02
6.834159315880974916e-02
7.717915196253853638e-02
8.643087265333429525e-02
8.610024188216519603e-03
6.716956322515062888e-03
9.193935750577898747e-02
8.380670193635302023e-03
3.516520675529796747e-02
-2.709465089561109707e-03
6.285428724171455983e-02
1.394644476576646294e-02
-1.660770990910612199e-02
3.233505890613745659e-02
-3.102399359576832327e-04
-5.328846150529913117e-03
8.170221783998118936e-02
2.803245620243569394e-02
7.717808519650039278e-02
9.714136425660770124e-02
4.830289266573004059e-02
7.264603025798903324e-02
9.920842013128387815e-02
9.549012340603862947e-02
-1.234782451719225113e-02
8.017904486377304407e-02
-6.224221440029603300e-03
8.525717218501120687e-02
5.462499702636917920e-02
-6.418060439236298112e-03
9.437645322566953765e-02
3.848666596578406707e-02
-1.205758296004144116e-02
9.172871968583370950e-02
4.722876341011339463e-02
7.507938194656513242e-02
2.454536417736039380e-02
2.946574513907545059e-02
5.375838267434543405e-02
1.814456531704168249e-02
1.885604200147696086e-03
4.319790530209761947e-02
8.724525566466943133e-03
5.904614484617982939e-02
4.663548542922518747e-02
