1.334656253825065517e-02
2.309778011587880833e-02
7.061741856834082703e-03
3.151507212097379163e-02
1.571472241658765714e-02
2.018186485756645263e-02
7.240152957648152143e-02
-1.483218255906845751e-02
9.980344313971357961e-02
5.149085340100818808e-02
1.721393687431114691e-02
2.325865046568364666e-02
1.268373407218716456e-02
3.051230309368758650e-02
3.705431970125128149e-02
6.608599920813637563e-02
3.432039802184979477e-03
9.937889726001540580e-02
1.428950341695452500e-02
6.383401226715319787e-02
1.932031730813146483e-02
2.680407058005493739e-02
6.753667292971131386e-02
7.598998890057032107e-02
4.595158191825304828e-02
1.445512912550264012e-03
7.327962520394634693e-02
5.422508164265264774e-02
8.022718149521709807e-02
8.758812619818455436e-02
-3.446034636304062121e-03
2.431327692711809582e-02
9.195815144032856714e-02
3.825474546490284511e-02
5.859729520852137441e-02
4.116874299387937586e-03
5.312387860944639550e-02
3.756287843456693198e-02
-1.392548514846111973e-02
2.507211458072061347e-02
4.514883078789232174e-02
-1.626630613211376558e-02
-5.403098218665308358e-03
1.659664312862299193e-02
8.881872367299124826e-02
3.018755982444061917e-02
1.897653864060024412e-02
2.841479816371229525e-02
3.768853909175048922e-02
2.265486796901456171e-02
