1.797742027631665795e-03
6.835757399805673928e-02
8.925285797270235411e-02
-2.693917549365414804e-03
5.516977044267858121e-02
9.909928523679446821e-02
8.943129452774357252e-03
9.122852573783120367e-02
1.495476664283396442e-02
9.295126817056602320e-02
3.751415732836116401e-02
8.375374935415975941e-02
1.994998692376134461e-02
-5.607211184299427248e-03
6.961274226392269449e-02
4.065779760582885483e-02
-6.985770304118319590e-03
7.350550315925104272e-02
5.387892034605570868e-02
-6.856169004905132355e-03
4.304377247314980504e-02
6.063924393606513752e-02
7.225598621376701225e-02
3.118540058904207754e-02
7.532277272601595186e-02
6.439789023159409737e-03
2.157799280292525476e-02
-1.484089472264185118e-02
7.192545106177963832e-02
-6.471744311404794073e-03
4.873072728607669851e-03
8.858478638258197868e-02
2.226704954997304683e-02
8.037314192764774545e-02
5.897769704233600530e-02
1.663281777026184502e-02
-1.064556341389641392e-02
4.702409080350432313e-03
8.613633191602458605e-02
9.372104146490897736e-02
7.980210171144122566e-02
4.597661160232605071e-02
1.421372498218453559e-02
5.725359517486759697e-02
2.808218451720735295e-02
6.055085758070874458e-02
6.057523412743844038e-02
8.505766636401870806e-02
5.748996615603360616e-02
8.826586457406446901e-03
