-2.346587199164942156e-03
3.987497250935906346e-02
3.967567632073211448e-02
4.882655732382221170e-02
9.064194638382089275e-02
5.321978664931648062e-02
8.152100389704147743e-02
-1.665792785936730247e-02
9.346860377345535265e-03
6.802988623494690690e-02
4.878175921615858501e-02
-1.600455716242905890e-02
4.957098817527952339e-02
-2.833613980697431700e-04
4.955980428912279412e-02
-1.147144399226784385e-02
6.632513157424289874e-02
8.975855079426510452e-02
1.600051067433201288e-02
-8.604969454466772014e-03
9.231861965582045804e-03
3.608096324692593865e-03
3.192507399537164448e-02
3.347803849621559802e-02
6.805421526908904395e-04
-2.017178264148763306e-03
4.258624948747644079e-02
2.604926107320867587e-02
9.457628563257042265e-02
7.649118055045929510e-02
8.077317253495272520e-02
6.630670674423190525e-02
4.989783623834928572e-02
1.732084371203254300e-02
7.685878461322795396e-02
7.133179282382820507e-02
-7.886495952559684219e-04
1.599001303039811195e-03
5.909175237504575573e-02
7.670587953772181611e-02
7.774326343430244812e-02
5.305317773338590059e-02
6.723804004114774385e-03
5.348216957779075575e-02
-1.067734566123165751e-02
5.869772533875169951e-02
3.013599021990542512e-02
9.971440648638504878e-02
2.416055927500416686e-02
5.803724616892942667e-02
