-1.590735276732925876e-02
5.673587414784886374e-02
7.694716127869216660e-02
7.901814138459088005e-03
8.431091175816439465e-03
-8.116647354178425575e-03
6.788529629614528660e-02
4.194297072605646104e-02
-2.426650905668365638e-03
7.575799081630385512e-02
3.202568017937107436e-02
-1.385132100719252413e-02
-8.452304854388928423e-04
-6.099234191947999414e-03
5.789046809557472917e-02
2.083237839637273534e-02
2.503922128350355089e-02
7.566850920382353629e-02
6.627202018046750298e-03
1.477620357671964937e-02
1.784466656022965989e-02
2.162813599992850430e-02
1.559121039397206102e-02
6.016683005027378961e-02
7.638979646496877468e-03
3.205423959731043548e-02
3.189664461195168554e-02
8.164187587360757781e-02
-4.052846219785920939e-03
-2.851652867151038134e-03
8.641843358068829195e-02
7.853007751494060773e-02
1.486765741897199886e-02
8.786864951071864105e-02
5.595100286899998276e-02
5.631480784484432789e-02
6.810682507067340741e-02
-1.769248520139249034e-02
-7.161815196216019322e-03
7.110334467758143429e-02
9.866384450338658296e-02
8.067153879168265096e-02
9.091249480945319539e-02
7.660673879921683915e-03
2.456187604758711465e-02
2.461703655353865081e-02
7.358909049810105629e-02
8.408708183663712865e-02
-1.957634403571752169e-02
5.634322666419497305e-02
