1.714106022357527945e-02
2.063297033507951669e-02
-1.202575479646245810e-02
3.637878739640711123e-02
7.392768184306884593e-02
2.501895686805479316e-02
8.224964988758083628e-02
-1.844667517360360637e-03
3.279409987771113311e-02
6.954001800774235742e-02
9.193506486608919726e-02
4.258275209874578388e-03
3.930348357011918814e-02
1.837686131184499208e-02
8.085519557137921254e-02
-8.425470311347908400e-03
1.218127794994364535e-02
-4.465651983643605105e-03
2.005845583625863113e-02
4.733456358266024955e-02
7.881321679425916382e-02
9.456248700217644021e-02
8.176082589737918016e-02
-1.134068464958012945e-02
4.309398461221278231e-02
1.226635256589330911e-02
-1.874909742614052494e-02
8.322796082451779098e-02
3.784486936495828902e-02
8.401041448805351974e-02
4.709660698098919185e-02
3.396934449903254993e-02
7.299414698538256308e-02
-7.333734497534235772e-03
2.398826374615934884e-02
6.057379612022453785e-02
8.889664875559871726e-02
7.668102930670110673e-02
2.130470966580044409e-02
8.643101416935246306e-02
4.950621423100520779e-02
-5.194914376685412158e-03
4.336996087161924807e-02
8.868812246711671454e-02
7.342470033088813186e-04
2.040481069567115849e-02
3.747365499495845798e-02
7.905026313841020946e-02
1.018734403559585361e-02
8.709616431279255944e-02
