1.297187419013967613e-03
5.738243735026454795e-02
9.935547147808608537e-02
3.822143292820519289e-02
7.004411977702353076e-02
4.189899859243226277e-02
2.879879962496835824e-02
-1.872538083285140223e-02
4.003011219766822171e-02
1.270422625934649816e-02
4.937417993450342324e-02
7.555021224088673271e-02
2.203044880047088858e-02
4.965916857850941057e-02
4.993764958086148453e-02
6.754867856243908231e-02
7.285128673724676485e-02
4.379588693759781104e-02
8.445412288542980539e-02
1.717050422241147775e-02
8.815763598097922649e-02
9.603757681405421243e-02
3.270642320391600744e-02
8.774440519751150469e-02
1.871416227345170172e-02
9.601918110166854370e-02
6.387008108665982731e-02
7.027046593272004427e-02
1.571340033257957389e-02
4.813018952314705723e-02
-1.701370003219286609e-03
2.077734561944343319e-02
4.586114788476865212e-02
6.589357692739328254e-02
2.793309946005300207e-02
4.762464232996223290e-02
9.871315325495651216e-02
2.443266708506398530e-02
2.519293780440159600e-02
7.829224812748408757e-02
-1.305420455396527797e-02
6.974938154138884960e-02
7.480450943813961306e-02
-1.077145450286884354e-02
-1.746877595274447248e-02
-6.559343489067849184e-03
-5.390671207570307821e-03
7.668123564500368972e-03
7.373614482514825874e-02
3.273806738144234563e-02
