9.124586040382369478e-02
4.461810943961944109e-02
9.636187832537039533e-02
8.760662230340741929e-02
-1.043113191871412881e-04
6.963028533711881907e-02
2.786137734250592260e-02
8.905187850300337604e-02
9.386750283041711551e-02
-1.315479328116368751e-03
8.843957963689846880e-02
8.986538529689065691e-04
5.643159235920684746e-02
3.468866251623428654e-02
3.577532611761020942e-02
2.367047933453001948e-02
8.479701982166146235e-03
6.100758464688968430e-02
-1.804077566608560529e-02
5.829555649466917899e-03
-4.711467949610298814e-03
-1.759373456664097349e-02
6.008839170969712540e-02
-3.132316894929969980e-03
1.205069521198938107e-02
8.108882154792905472e-03
7.329907052951444013e-02
9.026505485869983081e-02
3.927221222894933250e-03
1.363529590520308130e-02
1.776783881705747484e-02
2.534894137333956049e-03
-1.615307141855248929e-02
3.307321546570793358e-02
5.552337487792290138e-02
-9.403035593179511278e-03
-1.102202984770877386e-02
9.815358508239455104e-02
2.072087400015729455e-02
1.633729396196414649e-02
2.608751500185596886e-02
7.568796723159898487e-02
-6.179933951654689381e-03
2.200592776072736803e-02
9.017281600107004969e-02
4.005893124974524433e-02
2.654502240744952349e-02
7.981966087389835707e-02
3.136039215528529933e-02
9.885886976881162747e-03
