3.556507255119416289e-02
7.195828945376570029e-02
1.686238567544355929e-02
8.185690056102001844e-02
1.762602712211413028e-02
8.473619328002862661e-02
3.610916780009196247e-02
2.216145619076936510e-02
-9.206974749337954247e-03
-2.446305162278443468e-04
1.313905005591957734e-02
5.921131222534592453e-02
2.046098407823606843e-02
6.228985771776215929e-02
-1.139686596692600883e-02
5.400624529724397382e-02
1.129446786821167517e-02
6.415801706977637686e-02
-9.289284259890839834e-03
7.000066413877823607e-03
2.343084462479519750e-02
2.822036537057111619e-02
-8.855120946509682442e-03
8.614872390977255934e-02
7.425206002224181423e-02
-1.443246361044527373e-02
-1.735689678810065778e-03
6.284003022221289203e-02
1.915847507338582292e-02
5.794539987121066771e-02
9.599273052642820492e-02
6.964588695366043247e-02
1.258129291902611649e-02
6.572721702497641427e-02
2.149627036289234253e-02
9.673835075713581311e-02
6.024564643575168466e-02
6.974132484357177530e-02
7.529808658889784734e-02
4.313985797760569452e-02
4.735447280197840891e-03
6.521129899860650392e-02
2.854263037823829077e-02
8.438469975568982373e-02
-1.186813927529492725e-02
2.387942405241138752e-02
8.437076681828668823e-02
-1.387044819685010963e-02
4.608295934545951489e-02
8.625968948582904416e-02
